45 -59 24 21 
41 -16 -37 -50 
-3 -38 23 46 
16 49 -44 17 
-46 40 19 58 
51 33 47 18 


-11 20 -46 -14 

27 0 37 -47 
28 -4 56 -35 
-60 29 -54 -40 
-9 -3 12 22 

-55 12 5 -45 
-37 50 -31 -38 
-8 34 10 -15 
-27 -60 -36 23 

7 -17 47 44 

12 -46 40 3 
53 12 -41 57 
7 -53 1 28 
59 -21 -14 2 
-58 -42 -59 52 
-6 0 37 18 
25 -44 56 39 
-45 -40 -47 -29 
10 6 -33 40 
0 -36 -53 23 
18 53 11 -32 
4 52 10 39 
47 -14 -19 -59 
36 -22 -22 -53 
-44 -16 -18 37 
16 -19 -25 27 

24 -21 39 43 
-3 -18 34 -25 
36 31 -12 38 
48 56 -31 -37 
53 13 -10 52 
-12 27 -38 23 
25 -2 12 -11 
38 35 39 45 
36 -27 -15 -28 

8 -54 -9 13 
4 21 8 -31 
52 41 18 42 
36 -57 -55 -14 
-9 -9 4 16 
-6 9 33 -14 
0 13 59 56 
-34 51 -31 46 
47 21 47 59 
7 -34 -39 3 
-24 32 -41 23 
41 -49 9 -38 
-19 -12 25 -28 
-10 -41 36 -42 

-24 -1 -39 -15 

-28 -38 37 -8 
32 -12 45 -41 
11 -19 9 15 
-24 54 41 19 
-35 -49 -39 57 

-23 -55 -38 25 
24 -54 2 -57 
13 -31 -8 -8 
35 6 1 14 
22 14 -20 15 
-47 -57 -59 0 
45 40 56 50 
-18 -9 -26 41 

45 -55 23 -51 
15 -19 59 37 
29 -32 -51 -17 
-41 36 -13 52 
-57 20 -53 -60 
58 26 8 59 
2 -21 50 -35 
-23 27 -6 -27 

-32 14 46 -1 
-34 26 -60 13 
8 57 54 -7 
31 -46 -19 19 
-38 -28 -15 4 
3 -29 21 9 

-20 32 -14 -41 



45 57 -14 9 
3 51 30 -39 
33 10 6 -11 
51 25 -12 7 
56 58 32 59 
-42 -6 17 -58 
-25 58 -31 34 
-34 24 -50 30 
-12 44 -50 -12 
50 38 -33 11 

8 -23 51 22 
17 -22 -5 19 
23 29 15 -30 


9 37 12 45 

-12 21 9 3 
-60 44 11 37 


-26 -38 -11 24 
1 -6 -25 40 
-50 -26 6 33 

37 -46 -3 -24 
-21 22 32 -59 
41 45 -12 -4 
-12 -37 16 -1 

21 -50 59 33 
11 -11 -40 2 

28 -52 37 15 

-56 -40 -56 -46 
-18 24 -34 -3 
41 -56 -20 43 
51 43 -17 32 
-24 -38 -7 -28 
-37 0 57 58 
-48 59 -8 -54 

57 -12 -52 -58 
-60 36 -50 27 
22 2 19 -16 

12 23 -45 50 


-20 -50 24 -47 
56 -11 -17 40 

-16 -23 11 56 
-12 45 3 15 
1 16 -39 31 
33 -23 39 32 
-15 -36 -19 -52 
-36 6 19 -11 

-51 -23 -32 27 
-22 -53 -21 -41 
48 13 59 42 


55 13 3 -24 
-23 -6 18 -50 
-11 19 7 42 
-7 -27 -3 2 
-41 29 38 12 
-24 -12 -6 -27 
-5 -49 -37 40 
-56 -4 -34 -10 
1 9 -21 -28 



31 26 25 -4 
-14 -35 -51 -6 

54 39 -17 -29 
0 -11 -47 -29 
-59 14 -33 45 

31 44 39 30 
3 -4 11 -1 


34 -43 33 -55 


-1 -58 27 38 
-38 44 -47 27 


25 -21 51 -51 
0 3 -5 -48 
4 51 29 54 
40 38 -37 -11 
-25 44 26 27 


-5 44 -48 51 

-38 -7 -6 -23 
-54 4 -31 13 
19 22 -15 -7 
-43 11 7 -35 
-17 59 -1 41 

-24 16 19 2 

2 39 -52 36 


40 8 54 -46 
-3 -39 -2 -46 
-10 28 -21 -9 
-3 9 -23 8 
5 54 -35 -3 

2 34 53 0 

-30 23 -58 -16 

-3 -11 19 -23 
34 -2 -13 24 
-25 -37 -40 -39 

-23 -6 -48 55 

-60 -59 -2 -27 


-28 21 -7 -25 

13 -2 -10 34 
3 47 -48 -29 
-27 -52 -26 47 
12 -50 -14 -51 
7 -38 -45 41 
23 25 37 15 
56 -59 50 19 

1 -15 -51 52 
-44 55 19 30 

-40 17 2 -19 
27 -2 56 -55 
-8 25 -13 -44 
48 -28 45 -4 

53 -40 28 5 
-6 -10 17 45 
25 -41 26 -36 

-31 -29 -45 -48 
43 13 7 20 
-21 -7 -20 -35 

-10 27 27 6 

-32 -21 -21 -27 
17 18 0 -50 

-25 58 45 35 
52 35 48 -1 

42 51 -44 13 


6 35 0 -15 


22 3 -34 29 
-10 -44 -55 -41 
-15 -48 -4 14 


33 -5 31 7 
-57 23 -60 -21 
11 -7 -6 -43 
-53 22 -56 58 
-26 2 -30 -28 
2 -18 37 -17 
15 -52 12 -42 
2 -39 -15 48 
-57 7 -48 -7 

28 38 -14 29 
-12 -52 43 -44 
-6 52 44 54 
0 15 -39 -11 

-28 -32 20 -21 


17 9 -14 -52 
-8 19 23 2 
-13 -52 28 24 

-28 38 -2 18 



-50 -6 -23 21 
55 14 47 58 

-13 34 2 34 
41 -35 48 -15 

-35 -12 34 -18 


-34 -38 29 55 


-37 -3 -40 -13 
9 -39 2 -13 
-7 -49 -5 -36 
-1 -12 -18 -54 

-40 -59 59 -39 
13 18 20 24 

-11 -31 -26 -8 
-28 53 -32 52 
-48 -16 0 -7 

-31 -40 -24 13 
-8 -12 15 -26 

38 3 38 -9 

43 37 29 16 
-6 49 -17 -11 
-17 -6 -40 -31 
28 56 43 58 
5 -14 1 -21 

45 -54 12 -17 

-2 -12 27 19 
-60 0 9 -58 
4 -58 -35 -54 

-4 -49 -50 -25 
-49 -5 -3 29 
-38 -18 -24 45 
-53 -36 -41 -19 

16 33 41 30 
33 42 46 -58 

-30 -1 12 -59 

58 -5 -19 21 

39 -9 9 -7 

26 43 30 52 
26 -29 -47 -43 
-45 28 29 55 
49 36 4 40 
4 -9 -13 -55 

17 -13 8 28 
-5 -55 -30 59 
-9 0 21 -27 
-2 36 54 -39 

-43 37 -40 41 



-27 49 16 -14 
-21 58 1 -12 
-13 16 36 37 
24 -15 45 31 


-16 48 -25 -1 
-10 29 -9 -1 


-10 57 36 -42 
-7 25 48 18 
43 0 51 -56 
-5 -51 19 45 


-5 -55 -20 -30 

53 53 51 -17 
3 2 19 28 

-16 -35 -56 -43 
-15 -8 -47 9 
5 -34 -16 6 


-20 41 7 27 


-19 46 -12 43 
-35 59 -52 -3 

-44 44 -30 38 
-45 20 -16 -51 
-20 49 9 12 


11 -54 5 8 






-13 -2 -44 23 
-19 58 1 -23 
-13 -28 6 48 




-20 -33 -18 40 





54 40 19 -12 
18 -56 -5 -32 
5 34 -32 -14 
-8 -17 54 18 

-2 37 5 53 


11 -1 37 -43 

4 50 32 2 

20 5 5 -16 
37 33 -8 12 

-16 -37 -30 30 



-35 5 -60 49 
-58 6 9 -1 


28 15 -3 -44 
14 54 -32 -31 
-59 23 -34 5 
-32 6 3 1 
-58 -12 20 -54 
-33 -21 3 -23 
59 35 45 33 
-4 22 15 2 
8 -48 -6 -40 
12 43 -8 -1 
-51 56 -37 44 
30 -3 40 -55 
-8 -25 -24 43 
-2 25 35 -10 

-3 29 -10 53 






14 -34 -14 6 
44 -12 2 -46 



-38 19 21 19 

5 -25 -31 -3 

48 -50 52 -26 

-36 -6 -27 -45 

-17 -32 50 -27 
-18 32 -50 28 

-4 38 3 16 
57 0 4 -11 

-55 14 33 -8 
5 -25 2 50 

52 -12 -5 0 

47 -10 11 28 
21 -36 -59 -3 
-13 4 29 -21 
6 2 -16 4 

-32 15 -33 -9 


28 -51 32 -43 
42 -39 12 -29 
-15 45 -27 -6 



22 -10 -24 42 
-2 6 -38 -22 

5 2 -1 29 
-48 -25 50 -52 
-37 57 -59 14 
54 52 21 46 

-60 53 -39 6 


19 4 40 -25 

-10 -8 19 16 
5 22 -36 33 
24 28 5 -33 



-43 -28 -55 -11 

25 -60 -5 33 
29 -29 -39 31 

-25 -4 -23 -59 
21 8 -21 -12 

47 23 -51 -1 

18 -35 23 -6 


39 -1 -12 -27 


-29 48 -16 10 


16 -47 7 -7 


-20 55 55 -11 

43 -22 34 -41 


-36 59 35 15 
47 -10 -17 22 
-12 22 -16 9 
2 57 -24 9 
14 -17 -9 16 


-45 -4 3 9 
-8 50 -21 53 
-30 -39 -18 -1 
-16 9 56 -56 
25 58 46 28 
-22 -20 -53 -7 

6 -57 -5 -53 
-38 -59 -16 2 

-12 2 -13 -14 
-13 -14 -40 56 

29 -25 39 23 
-19 -56 13 2 
8 -45 32 -29 

-9 8 23 -24 

-14 18 -23 -4 
41 49 27 36 

-31 -39 -34 -43 
4 23 -37 -19 
-11 39 -10 -11 

-13 -31 13 -22 

-29 39 6 15 
-27 12 -42 1 
14 28 0 40 
-2 -47 -16 -37 
30 -19 42 -29 
13 14 -48 30 


-54 42 -52 -50 

2 -6 -32 17 
-39 9 17 5 
45 16 29 -12 

41 51 31 58 

-46 40 -27 -14 

-2 -50 -12 40 



-19 -4 47 27 
15 16 -23 -47 


-50 -42 -30 -37 
1 -25 -2 -7 


8 -16 24 -18 
36 57 -15 -13 

42 58 12 -38 
-13 45 34 -25 

-58 18 -13 -14 
17 -2 -23 53 
-9 36 -12 21 

20 12 57 40 



-17 -49 10 -36 
-7 45 29 17 
-48 47 15 -21 
-49 -8 -5 -20 

-25 33 57 51 
22 -24 59 5 
-23 9 -30 -20 
-49 -26 -59 -5 



-22 36 -45 -9 


-43 13 -51 -9 

-38 -21 7 13 

-14 -16 -22 -16 
22 -32 54 -57 


28 59 27 -2 
-8 -36 -1 59 

-19 52 -21 -19 
-21 -35 -30 -10 

12 -42 22 11 
6 -48 28 37 
-35 -54 53 -51 
-33 47 -27 -21 
-6 1 -55 -2 
30 -56 49 -46 
4 56 13 5 
-17 5 -27 48 
2 -9 19 -54 




-49 -59 -48 -11 
-29 -17 -36 -7 

45 4 46 -57 
14 34 -28 52 
-31 -6 19 40 

14 54 -27 -7 
54 -32 18 -24 

14 15 -5 38 

-7 10 11 14 


-1 24 34 -55 



21 -39 33 -3 


20 -15 -11 -15 


6 -47 3 -16 

52 10 -15 53 


30 -4 59 18 
-38 33 -19 27 





-58 -28 -6 -33 
-17 35 -34 58 


27 -31 -1 -9 
27 42 -4 -50 
13 11 42 -2 
33 55 14 -13 



-46 1 -18 41 
-30 -11 16 -30 



-50 -23 -36 -42 

-1 -57 8 -35 

-4 -17 -15 19 
20 11 -30 51 
11 8 19 -12 
-2 38 3 15 
34 -24 -12 -41 
8 -60 -8 -48 
-20 -1 12 -54 


44 26 -16 7 

-43 55 -54 49 
-41 -49 -16 -17 

3 11 -4 10 

-25 23 16 10 

11 27 15 -37 
34 25 44 -36 
12 -42 -1 7 
27 10 -19 28 
-51 54 -5 -32 
35 -1 -58 -5 
-58 54 -14 -19 

-23 -15 -8 30 





28 -11 46 34 

-44 49 -57 -41 

-29 -21 -35 21 

19 38 -2 -12 

-37 -42 -6 21 
-23 44 -4 12 
10 -23 -50 52 
-39 -53 -28 -47 



42 8 -6 54 
33 56 55 26 
-2 -35 -53 -9 

8 -46 7 -15 

0 9 -40 -47 





14 4 -43 -21 
-19 -59 57 0 
18 7 -19 -9 
14 34 7 50 
23 -30 -4 -21 

35 -5 39 15 

8 10 -32 52 

30 -44 -12 5 




6 55 41 -37 

-40 -33 31 -4 

14 39 -26 29 

-11 40 -42 -56 




-41 -58 -58 -55 
-15 39 33 -8 



8 2 -30 -15 
-41 -12 13 0 
-12 34 2 55 


-7 39 -60 5 
36 -59 27 52 
-25 -1 -35 -43 

-26 59 6 16 


26 20 -56 34 


5 -28 -29 -51 
2 59 37 12 

-15 9 -44 30 
-55 1 -59 35 
19 5 53 7 
-25 24 -6 4 



3 24 15 30 
17 -23 21 -19 
-38 31 -16 -41 
-12 45 -24 -45 

37 49 -52 -25 

-23 -30 17 56 
13 46 8 22 
-9 10 -4 10 
-12 20 12 48 
8 -28 19 48 
49 -59 11 3 




23 27 -1 -40 




45 11 -10 39 



56 -5 33 -52 
33 -9 3 -15 



46 -38 -28 24 

-21 -5 4 42 

-21 -1 -24 -12 
57 -13 44 -45 

48 -7 -24 -36 
36 54 8 -26 
8 21 24 -7 
-6 -20 41 52 
-10 -55 -14 -43 
-52 -55 13 -12 
-31 15 -42 6 
21 -44 19 -52 




1 58 -26 -30 
-19 -46 15 57 
-36 -23 -26 -47 



-48 50 -56 53 

51 -45 20 38 

-36 -54 -26 4 

15 -6 48 -20 
15 -41 -2 22 

37 -50 18 39 

38 -49 -32 -45 



46 43 45 8 


-14 30 34 -16 

-24 -51 19 -6 

-16 39 16 13 

-29 -36 -25 -15 


-2 29 23 6 
-7 -10 -3 57 
4 -37 -22 -53 
-3 -1 21 -2 
-43 -58 -45 -8 
48 55 11 -38 

19 -13 -27 -8 
2 23 -27 37 

-30 -24 -20 44 
17 23 -44 28 


-8 49 23 47 



-6 -37 -44 54 
26 -22 17 28 
16 23 3 -20 
15 -11 -14 -26 

32 -19 37 -16 

-13 17 -28 12 
-5 12 -33 23 
-19 -49 -28 29 


47 -51 31 19 


41 -25 -19 -43 
20 -48 0 32 
-17 -13 13 -19 
-55 -60 22 56 

23 -51 -4 -45 


32 -8 -21 13 
-1 -33 -40 53 
13 -4 20 58 
-44 -16 -28 2 


10 49 6 23 
-22 32 -27 33 



-6 -42 -10 -6 


21 7 -5 17 
-29 48 -6 -18 


-6 18 35 13 
-57 32 -1 19 
-22 1 -12 -46 
54 -32 3 -26 

-19 2 -46 21 

17 28 5 -14 
26 20 -15 -37 


5 42 26 46 
38 -56 -51 14 
-38 29 27 1 
19 -23 -8 54 
16 -31 -4 -46 

-55 14 -18 50 
38 -52 25 57 
37 -22 38 36 
-31 4 -34 52 
-59 2 -12 -7 
0 -44 -15 52 

-9 35 43 34 
18 -51 16 16 

20 17 29 -45 

46 40 4 41 
15 -30 20 -3 
-18 53 37 7 


-28 44 -51 -7 
-29 -25 0 6 

21 -25 47 46 

20 23 33 -35 

3 -26 23 -21 
-26 -57 21 -21 



-41 14 -14 59 



-42 42 -24 24 
-39 54 1 -11 

15 52 29 -31 
26 10 -4 -21 

41 -54 9 -49 

59 -38 -5 -3 
-27 -1 -33 -17 




-2 -35 -10 -21 


21 20 30 44 


35 -27 13 2 




-57 17 -50 49 

26 -3 5 4 



25 57 4 14 
-1 49 0 55 

-6 -13 57 -40 

-16 22 15 43 

-26 15 -7 54 
25 -4 51 -6 
-22 39 13 49 

-9 -24 -32 -32 
14 41 23 -18 

55 -20 1 22 
45 -9 -29 -3 

53 3 43 9 



35 18 32 8 



12 34 6 1 
14 4 -27 16 
-15 -15 -30 -60 

15 -14 7 15 


24 -11 18 -46 
14 15 18 31 
-57 -5 -51 49 
-5 -51 7 -15 
56 -39 38 -41 
29 -2 7 -50 
30 -36 15 29 
30 46 15 -29 
18 -57 -19 -7 

31 -25 59 -3 

-26 58 -33 20 



36 31 28 6 
34 36 -16 -19 

-17 -55 -22 -29 
-5 -3 40 -55 

10 -34 -50 -13 
-22 -3 8 -27 



-27 -37 -4 -30 

-19 -54 -8 6 
-10 -6 51 -49 
14 -56 -16 34 
-10 -1 13 -54 
23 -40 -21 41 
32 -25 45 -9 
-33 -39 3 -45 

1 -42 -45 -50 

19 -3 -55 -30 

-13 29 21 -18 
40 -26 -9 -1 


-10 -20 -2 -37 
-7 -41 44 -37 
-5 -60 -46 -18 

-57 -25 19 9 
-6 -25 -15 -7 


-56 -43 -27 -7 


-12 56 -1 -22 

8 24 29 3 


15 -42 7 -31 






18 3 -58 -42 

10 16 38 -14 

51 -34 23 -9 
-45 -41 11 -44 
-23 12 -2 -57 
7 -42 -33 -38 



-26 57 14 -18 
2 -16 46 -42 




-24 37 -25 24 




-17 49 -21 37 
-59 40 -18 27 


-20 12 17 39 




1 -22 13 32 
-11 42 -35 -34 
6 -24 16 -18 
2 -33 -12 -7 

-10 -53 5 -10 
14 4 -26 11 
-20 -52 -21 24 

55 54 -1 47 

-17 -1 45 -21 
5 -25 -3 4 


-44 58 -3 -18 


-22 -58 26 4 

9 -40 17 37 





4 30 35 -34 
-19 42 -1 -44 


-16 -24 -31 26 
20 -60 18 -35 



12 33 24 8 
-16 24 -5 -50 






-38 26 35 -33 


-45 -53 -13 -50 




5 -32 6 -12 

-11 -3 55 54 


25 -54 47 0 
-1 12 -16 53 


44 -36 -13 -25 
13 -26 2 -57 
-38 17 -14 -27 
-31 -35 -58 -34 

25 56 10 15 
34 10 -13 -45 

15 22 -19 -37 
-6 -29 -37 -2 

37 42 -15 30 


-1 -23 8 22 

-60 -23 17 49 






-40 12 -18 27 
28 -11 29 -1 


-45 -37 1 -8 


-19 46 21 -34 
-33 -48 -22 -59 
4 38 51 -30 

-7 10 6 6 
43 -39 58 -19 






-30 25 2 -33 

-36 35 -20 -57 

19 24 -27 55 
22 31 -14 31 
23 31 37 57 
-31 -57 -29 47 


-2 -56 -4 39 


7 -44 -17 -20 


50 40 34 -17 
-10 18 -28 -11 

-48 -57 22 13 

30 -33 38 26 



33 56 36 21 
-9 -41 20 26 




-18 49 2 3 

-49 -52 -33 -44 

32 -55 -55 -58 



39 57 6 -30 

37 -20 22 49 

-60 49 16 37 


-8 -5 -36 -1 

-7 -40 15 -7 

-18 44 29 32 
-40 -1 -15 33 
10 15 -26 23 





-5 5 -23 49 
-10 18 38 36 


-11 1 23 -25 
-13 37 -7 0 
12 -15 22 -48 

-37 58 10 42 
-49 46 -33 51 

6 -16 20 -2 
-43 29 -59 -50 



22 38 -21 45 
4 -54 15 40 

-17 -41 40 20 

0 -10 8 -24 
-49 34 3 43 
-26 25 -7 -9 

33 -1 12 19 
10 -32 10 -8 
-19 49 38 53 
-23 5 15 21 

-52 2 -56 50 

-1 47 -52 -57 

27 -11 44 -41 
9 -14 46 -47 
26 33 51 58 


-8 -12 5 4 

-25 58 -3 13 
-16 50 6 3 
36 28 15 -10 
52 57 5 -40 






34 38 -54 27 
43 38 43 32 
-4 -32 -45 -52 
-29 19 -37 5 

-58 32 8 33 

31 -44 40 -12 
-35 22 -21 43 

-31 -24 -46 5 


3 -58 -9 33 
19 -3 43 -24 
57 -44 -20 18 
2 28 49 -13 

-12 43 -21 45 
9 -1 -16 0 
10 54 -50 1 
-16 59 -2 14 
55 -56 -46 2 
-37 -9 -33 49 


8 51 51 -22 
2 -21 21 -24 
1 13 56 -28 
5 -55 15 25 

40 -38 6 -26 
55 30 20 35 

-50 -49 10 -19 

-29 6 -49 0 
-27 -39 -18 -42 
19 -29 28 48 
-15 -59 17 -44 
-27 17 3 29 

-16 -30 -2 -38 
26 -30 15 -56 
-50 -48 -25 2 
17 30 20 52 
34 38 44 -36 
-6 9 55 6 
9 -17 53 -41 
30 20 -32 42 



30 27 -14 12 
5 -57 47 -43 

55 -21 36 20 
48 -4 37 -20 

-5 -46 34 -52 
-15 -2 -9 -27 
30 18 35 24 
32 20 3 54 
17 -52 -18 50 


-23 -15 -34 36 
-1 16 15 -37 


19 23 -43 20 
18 45 -15 47 

-27 -57 -3 -36 



-26 44 5 16 
-43 -58 -32 -22 
