46 -23 9 -13 
31 14 47 -17 
-57 52 -4 -59 
28 -57 6 36 
-24 43 -29 -7 

40 -34 2 -49 
-37 -55 -43 59 
-24 53 2 45 
-48 52 -8 48 
30 -33 7 3 
-48 17 -41 -35 
-14 -52 46 49 
18 -39 9 -34 
34 2 40 -46 

-58 40 -17 56 
-6 -36 -8 2 
0 -56 -9 59 
-12 -50 46 56 
-57 -60 -39 12 
52 44 32 32 
-26 55 -12 -49 
-44 -33 -42 -41 
19 -53 -3 38 
41 -39 21 24 

49 14 -37 -50 
-10 -11 -56 -27 
55 3 17 45 


-22 33 -7 -46 
41 -54 -13 44 
40 -26 33 50 
51 -47 17 -10 
-56 -4 -35 11 
-57 -3 -5 47 
17 26 43 -45 

-32 13 -22 57 
-17 31 10 31 


-31 -7 -45 -10 
27 -29 39 -33 
42 -19 -15 -46 
-52 -51 -21 -38 
48 -18 -10 20 
-41 -39 -41 -6 
-7 30 -34 -25 
15 12 3 -47 
58 -37 -56 -24 

-15 7 46 -16 
44 54 42 46 
19 -55 -60 -34 
-35 36 -3 11 
28 -25 -29 -14 
8 34 14 33 




-30 18 -16 48 
45 -37 -8 -30 



-31 -17 21 -5 
50 -46 19 -60 
49 1 35 -44 

-13 -27 -15 -60 
20 8 -13 -56 

43 -57 16 -32 
-36 -30 -29 -29 

56 -45 18 3 
-5 20 -36 10 
2 -3 28 59 
44 38 37 -55 
-33 55 48 11 
-34 -21 -14 -46 
-45 -33 31 11 
-3 7 -59 48 
-41 55 -48 -50 
7 -54 26 59 
-54 -25 -31 -30 
34 -5 9 34 
-23 54 13 -36 
-51 24 -35 26 
-37 -52 -21 -23 
4 -41 28 -26 

8 18 -21 56 
48 32 -14 24 
-26 -48 29 -3 

23 -1 -37 3 



-15 -17 -14 -48 

35 18 23 -42 
32 -5 -19 -56 
-43 31 -27 8 
52 36 48 28 
23 7 -51 7 

2 28 7 -8 
-30 -40 -44 30 


48 59 -3 2 

-14 20 19 10 








35 15 -51 -28 
10 -6 -27 -53 
14 23 3 25 
-56 15 17 26 
47 54 25 49 

-8 -14 -56 -37 
24 -56 -41 18 
42 3 52 48 
-40 48 -52 -29 



18 38 -25 -3 
-49 47 -43 35 
-4 40 -13 50 

24 13 -23 24 


-18 -18 -51 2 

8 18 11 9 

49 2 4 27 
-44 2 -54 -27 

10 45 -15 55 
3 37 -3 -57 
-22 24 59 30 
-6 -13 21 -40 
-19 -24 -15 27 


-35 54 32 -53 
-7 -34 -37 -10 
-19 -49 22 -37 
3 29 -9 49 
16 59 20 -25 


-22 -17 46 -32 
-38 16 -20 -52 
55 56 25 37 
-23 28 33 34 
-33 -59 56 -4 
14 -15 -9 -28 


-34 -21 15 -42 
-7 21 -36 29 
54 -24 54 28 

-3 26 50 -55 
18 30 -51 15 

59 8 25 -24 


21 35 14 55 


-6 56 17 -19 
48 13 -47 -60 
-58 41 -22 -21 
55 46 6 23 

-31 12 16 -39 
7 3 -20 -58 
42 -6 -60 23 

-41 -31 2 1 
-5 7 -3 -30 
40 25 37 -27 
-48 -15 -46 3 
11 54 -6 27 

15 43 -26 6 
-18 -17 7 -41 
-1 -35 8 25 
-14 -4 -18 43 
-52 32 13 -15 

-42 -41 -60 7 

19 39 40 -56 
57 50 52 -16 

28 5 -29 -6 
-7 -25 -60 -45 
-12 40 -33 -49 



-7 29 -23 -12 


15 -14 23 -40 



-25 -14 -26 -10 

-1 34 4 -50 
-14 8 47 -37 
59 14 -34 7 
56 27 13 20 



-9 45 5 -9 

10 1 -13 -51 
-39 38 -34 34 
50 -60 -8 -17 
57 59 39 -9 
42 6 35 46 
38 -37 0 5 
-7 8 -24 -30 

-32 -40 5 16 


-29 53 2 40 


-48 46 -36 16 

-40 -21 -45 -33 

-15 -58 30 -34 
41 9 42 -26 
24 -47 -39 -38 
-12 12 -39 -53 


20 -4 44 9 

35 -57 52 56 
-19 -30 25 59 



42 -14 -41 43 
-26 -54 -8 47 
-10 38 -16 -18 



-2 -50 -12 -44 
-27 -21 -49 5 
13 -35 -4 33 

7 -36 54 31 
32 -45 -45 -59 
-33 -20 7 48 

5 56 -56 34 

14 -18 16 -11 
-11 27 0 -36 
-35 -56 -35 57 
36 21 33 51 

-38 -31 31 50 
-22 -45 10 42 
-52 16 0 31 
-24 -34 -38 59 
-45 -55 -3 -22 
23 -59 3 28 
47 -39 -32 -6 
-44 58 -22 -55 
10 5 -26 18 
-1 -10 -14 -59 

29 -37 -60 -8 
-10 -50 -18 17 
-14 -17 6 -2 
-50 -13 8 -4 

5 3 45 -1 
48 10 39 -57 
5 -44 44 51 
-37 57 41 19 

33 -42 42 -10 
33 -14 35 -31 
8 -35 6 24 
20 -16 -7 6 
5 -42 29 -34 

-6 -20 -26 -42 
-14 26 -31 6 


15 14 38 -54 
44 -14 33 18 
30 -43 23 3 

10 -11 -44 -48 


7 7 15 -58 
-24 -28 -24 47 
-13 10 44 -21 
53 29 -50 45 

-24 24 -10 -34 

-13 2 -22 -57 
6 35 50 -42 


-10 10 -54 43 
26 23 34 16 


-23 -50 -41 8 


-35 -6 31 -40 






23 42 23 14 

-46 -3 -46 -18 
-27 28 43 39 
-13 25 34 4 

18 10 5 -50 

-26 -21 43 44 
7 37 -32 -50 
21 -4 39 31 

33 -12 24 48 
-59 5 -58 17 

37 -29 36 -42 

-25 2 -12 25 
-34 9 35 18 

5 -59 -14 6 

-35 -12 -34 -33 
-13 56 -2 30 
39 55 -5 1 
59 1 41 2 
-15 -1 -14 -18 


-2 -23 33 -1 

22 -19 42 6 




-5 15 51 36 

-18 -3 51 -56 
8 38 -16 -15 
34 17 -24 -44 

36 39 -34 19 
-13 14 4 -24 
26 -19 39 -27 

-14 33 34 -12 
31 15 42 7 

-13 -55 39 -1 
31 -10 6 -35 
52 1 -17 10 
-10 53 38 34 
9 -9 50 -44 
5 -24 -44 -23 

-11 -60 -56 -6 


0 -21 15 -42 
-26 -20 20 21 



-11 -18 -26 -50 





-13 22 -44 -21 
-40 24 -59 15 
-12 29 -7 -41 
11 -36 17 -22 
-12 48 -51 23 

4 -41 30 31 


42 -31 38 -32 


33 48 -9 -12 
-24 31 -55 13 
-21 16 14 -29 
39 -9 -7 37 
-21 -19 57 48 
-38 45 -39 -1 
-25 -14 -46 -53 
-36 -39 3 -32 
-31 -31 -26 46 



42 -46 13 -54 
-3 32 55 44 

4 2 30 -23 
58 7 -2 2 

-13 -14 -25 32 

14 -58 -7 -21 
-38 41 -39 34 



10 45 23 24 


-25 3 -12 39 
26 3 -3 -56 

-4 -58 27 -10 
42 2 0 19 
-51 16 -31 10 
16 36 -50 13 
34 39 -17 33 
-20 46 -15 32 

20 -26 34 -42 



36 15 25 -41 
-9 -51 -5 -19 

6 -40 4 45 
-53 37 -21 33 
-31 0 -43 35 

-3 -52 -9 -29 
-36 -35 -35 -39 
-7 51 -40 -42 
-10 -24 -54 0 

32 40 17 53 
-39 -24 -15 41 
29 1 48 -32 
-21 53 1 -48 



17 -55 58 -16 
26 11 33 -13 
5 25 36 54 



-59 -32 -53 41 
2 54 27 8 


-6 -32 -2 6 
-22 -35 -31 -14 

1 -24 39 42 
-50 -49 -14 14 

-47 7 -9 -17 

36 20 21 10 


-39 -2 -19 5 
-54 -43 2 24 

-50 -14 16 -18 


27 53 -19 15 
50 -59 15 51 






9 51 1 -14 
-1 39 12 6 

48 -16 -6 -27 
21 55 -18 6 
-20 1 -30 -2 

42 39 16 -12 


12 -10 -23 3 

-12 -37 -22 4 


2 -42 31 -5 

-58 45 34 38 
-33 29 -11 -27 
59 34 15 28 



-49 -34 8 -53 

-40 54 17 33 
-23 -34 -28 -46 
19 17 -35 -7 
-9 53 45 -41 
17 -44 52 7 
35 53 12 -46 
19 -16 30 4 


-33 52 14 -18 
2 12 -30 59 
24 -6 39 -32 
-33 -12 2 -59 
-26 -6 -10 -48 

10 55 36 -36 

-36 -21 -17 -27 
10 -27 13 -10 

2 -38 -36 -11 

-49 48 -8 -5 


32 52 19 -3 

13 -41 18 -15 
11 26 14 15 

-59 -32 6 -25 
7 18 6 -26 



-12 -43 -4 40 

12 17 21 52 
-13 -41 -3 45 
6 -20 -43 13 

-16 38 21 -56 




-4 7 -26 -42 

37 29 -13 57 

39 -45 -13 54 
15 -47 9 -29 

4 -4 -4 -12 
-10 -48 -55 -53 
-21 2 -54 19 
53 32 48 16 

-28 12 27 17 
16 3 36 -26 

26 -60 49 9 
23 52 -31 -22 
-24 -33 23 -22 
-14 37 36 -1 
2 43 18 -21 
-5 -52 1 -45 
51 44 21 -22 
28 6 35 -51 

12 47 -25 -5 
18 0 -21 -47 



3 -6 7 -20 
-18 -6 -49 11 






0 -34 33 18 
26 -60 -34 -57 
-26 -12 -2 40 

40 51 40 -24 

-41 -31 -35 -48 

-30 -44 -32 -1 

18 43 -27 40 
43 24 54 -40 
14 -13 -23 -9 

-39 13 -34 17 
10 57 24 59 
1 -12 24 6 
-22 12 -37 -55 
-52 -35 40 -8 

31 -40 -26 -7 


9 -20 37 58 
-44 59 -30 -42 
33 25 3 34 
45 21 16 7 
-21 33 13 -31 

14 17 52 51 

33 -50 4 -15 
-13 -37 -8 -3 
7 25 -5 -35 

30 -20 2 29 
30 22 7 -20 
3 30 32 -51 
47 42 31 34 
6 42 5 57 

-16 26 -55 -13 





38 52 -12 -21 

51 -29 -15 54 



-42 -51 -19 -54 
-10 -39 -32 -8 





-21 57 -21 51 

-57 -52 -28 -51 
-12 22 13 50 
-24 -53 -1 -11 
-49 6 -31 2 


43 -53 45 -24 
48 27 29 -49 

45 -7 -50 17 
-45 -11 -38 -42 


-3 -29 28 58 


-32 1 13 -51 

-4 -49 -14 -33 
-55 37 -34 43 
-14 -25 -20 -48 
-14 14 30 42 



-29 44 -41 39 
-10 58 42 35 

-42 -47 -18 14 

-13 -9 -49 31 
6 -37 -14 -56 
33 -37 -18 -38 
-31 3 23 -1 


-8 52 -7 23 
7 -59 -52 -35 
-20 -41 50 24 
-37 14 -38 -3 
-5 -36 -8 -46 
-4 34 -20 -51 

-3 35 8 8 

8 46 51 57 
13 -49 0 3 


-31 3 -29 12 





-42 -44 59 -8 

26 57 16 26 
-12 2 21 10 
0 -26 35 -36 
-6 12 -32 -4 




6 8 0 21 

2 14 -20 57 
-26 10 -20 42 
57 -28 29 59 
18 -49 -2 46 
14 -2 37 -2 

-10 18 -58 29 
-29 -37 51 -20 

-34 11 1 52 
7 34 -11 -19 
32 -20 -21 23 

-18 -37 -18 -46 

31 -2 -4 22 
-40 -41 12 24 
-9 27 17 -47 


-16 -18 -26 -10 
17 51 -32 43 

8 42 27 -32 






3 9 -60 37 
-44 51 4 37 
-19 56 20 -1 

-19 -10 -2 10 
34 53 37 -25 
34 23 0 53 
-24 -9 -44 -47 
-41 -5 -28 -44 
22 23 51 25 
8 -19 3 -50 
-36 -53 22 -41 
-47 40 46 -16 
51 14 46 -53 
22 41 -2 -27 
-8 -2 -3 -34 
17 28 -27 54 
20 -55 19 -14 
-36 15 15 -13 
40 -50 -13 50 


9 -56 32 54 



15 -17 40 -60 
20 41 -23 -25 



9 46 -13 28 



53 51 8 -58 
43 -7 55 10 
-53 48 -12 24 
43 -2 44 -54 

-7 -37 31 55 
-17 12 -36 38 

25 2 59 25 

46 -21 31 24 
-52 36 7 -53 
-58 -6 59 -39 
-28 52 -45 -18 

-9 -36 -20 -3 
-9 15 -19 -20 

49 -3 42 21 
0 24 -30 46 
-31 13 -15 -1 
41 51 -34 -24 



37 -14 8 -12 

-25 -17 4 -37 

-3 -43 -24 -17 
-14 53 -17 25 



20 42 24 -40 
-33 37 1 14 
9 -49 -44 -53 

-17 25 36 -23 





3 -24 -23 30 
-36 54 8 -23 
42 34 -13 58 
39 42 19 7 
48 31 -8 -21 
-43 -13 -49 23 

6 -16 -5 18 

-43 -49 23 43 
-47 -56 -60 11 



58 -55 29 -1 
55 29 38 -5 
-52 28 -1 -43 


-4 -16 59 38 
44 9 13 29 
0 -41 39 -44 


27 -6 2 -14 


49 17 29 -60 
48 -60 30 -52 
25 0 38 -35 

-16 10 23 37 
49 0 -5 -28 
11 17 -23 -3 
-12 -7 50 10 
35 4 25 -22 
48 -38 18 1 

-10 -52 2 -51 
5 -39 -29 -10 
-33 30 18 58 

-51 -2 -41 17 


-5 -18 5 53 
-13 -15 -57 18 

-3 -34 11 14 


43 41 24 -11 
37 55 18 -48 
-43 44 -2 55 



6 -9 45 -25 

-18 29 25 16 
0 0 1 25 

12 -58 -46 18 
25 -5 5 46 

57 -44 53 -51 

-14 24 -4 40 
-56 8 -36 -57 
29 31 -13 30 
25 -54 -48 6 
-5 -58 12 -45 
7 -20 9 -49 

-54 43 40 25 
-40 14 2 -11 
-45 -47 4 -12 
-42 11 13 7 




43 32 47 8 


-41 -5 -34 -29 
9 43 15 7 


12 -55 25 -22 

57 -57 -27 15 
-39 20 17 0 




48 -48 34 -25 
19 -49 -40 1 
-25 -60 -44 33 
6 -39 19 -18 
-8 30 8 -19 
50 -46 34 0 
35 43 -15 -1 


-9 7 -28 56 

28 -32 7 -59 



-1 23 -13 4 

-15 2 13 -42 
15 -25 9 -19 



15 2 26 -30 
-10 2 34 -1 
-9 31 2 -6 
10 -12 33 27 
25 18 28 -7 


2 -37 59 -18 
-15 9 4 -57 


-3 9 -45 -1 
28 14 24 -16 
32 0 31 17 



20 42 -11 9 
54 23 -34 42 




27 -40 13 21 



-40 -33 -19 51 
6 2 5 11 

-51 -13 -19 -19 
-26 55 10 -13 


22 -35 32 51 
9 42 11 51 



-19 -34 -42 -10 
8 7 -17 43 

18 7 -59 53 

35 23 32 36 


-29 56 31 27 
-24 50 31 -25 

-44 32 30 25 

-10 22 53 16 

-19 -33 -2 -33 
-19 0 21 -53 

-23 -48 21 -53 
-20 49 32 54 

-56 -43 7 -29 
-23 -23 24 -29 
34 2 -14 59 
12 3 -1 10 


-38 16 -16 47 
-12 -1 52 -47 

11 57 -46 -12 

23 43 -29 3 
-2 1 15 -11 

-49 -19 -54 -44 


34 -13 37 46 

-56 37 -59 13 
-2 -7 -26 24 
12 47 -29 -11 

18 12 -3 19 








43 53 1 -20 
-15 -22 -55 31 

33 -23 18 -54 
-15 -5 -30 -41 
58 -59 18 -45 
12 -57 11 41 
-46 24 -55 13 


18 50 19 13 
31 -49 -24 23 

18 51 20 21 
-22 -16 50 35 
1 -18 13 -39 

-27 32 -14 53 
-56 -45 -27 -55 
20 -52 -7 -30 



-5 20 -39 9 


33 27 -7 -34 
7 24 -39 47 

27 -46 18 -44 
-26 14 -31 -27 
-11 33 25 -28 



4 -39 -9 -25 
3 -57 -45 37 
36 -12 27 -24 

52 -50 34 29 
8 31 -47 -19 




-20 -19 10 51 
-30 25 11 38 

-48 -21 -7 45 




1 -29 -10 28 
22 -38 32 30 

55 41 39 21 
4 19 -37 -3 


-38 36 -44 33 


28 -42 19 29 



28 58 -32 34 
1 -60 6 30 



-33 -20 -9 -56 
11 11 28 -59 


-29 39 -42 -54 
-9 2 -14 -21 

45 20 18 39 

15 -22 -27 42 



6 -34 33 42 
-8 -29 -17 28 
-12 -16 -28 -20 
10 -30 37 30 
49 39 15 -47 
-24 10 3 1 

-2 55 15 14 





52 25 32 0 

-25 47 20 9 



10 24 51 42 
15 -15 -30 48 


29 -48 -16 -18 




-17 -44 -54 56 
5 5 -27 0 
-13 -53 -33 -47 


-33 6 -21 -23 
8 2 -8 -47 
5 2 -40 52 
-1 -17 -13 -15 
25 44 20 -19 
46 12 40 37 


-10 39 -20 -5 








52 29 -10 20 
51 -6 -9 -48 
-11 16 26 -26 


-21 -32 -35 30 


-7 55 -21 -38 
-23 -31 -12 49 

-56 51 -30 53 
38 -2 33 -39 

57 27 -15 23 

6 7 46 -23 
58 -6 -4 -59 
-8 14 24 27 

-21 45 -1 -14 

44 24 20 -27 
10 22 -19 -57 


-16 35 3 -13 
-43 -23 -33 27 

-39 31 -24 5 


-12 45 6 -20 



-20 -23 -32 48 
59 -7 2 24 


38 50 31 -25 


-46 54 -13 42 

59 14 5 13 
57 38 -9 -54 


-33 -3 -46 -58 
-1 -24 -40 4 

-22 -58 -35 12 


-22 -20 -29 58 

24 31 50 29 


-24 19 -18 -46 

50 45 -10 50 

-25 2 3 0 



6 -59 -52 -60 
-9 -21 -13 -35 
34 11 14 -2 

-39 -48 -8 -38 
27 -17 12 -35 




22 32 41 59 

19 -48 15 0 

-30 1 -16 -44 
14 -11 -30 -5 

39 4 -58 45 



11 -26 17 28 


38 -45 40 -14 

-8 6 53 3 

24 -18 -9 -51 



13 -59 -13 44 
10 -5 -13 7 
34 -43 -22 44 
8 -2 -50 48 
1 -55 17 21 

35 -5 51 35 





46 1 -20 -43 
6 59 -19 38 
-9 -6 17 58 


-31 -46 -20 -32 
-50 15 34 -1 
-5 -2 24 3 


16 47 -16 7 
11 6 -37 -38 
14 -49 13 -23 
0 12 -28 33 

-60 -9 -35 16 

36 -26 -9 -47 


-30 43 6 18 









14 -7 1 -49 
-6 -13 18 -16 
-52 -45 -17 -1 
-47 31 23 42 

-39 -60 -1 -31 



-33 -50 -21 -57 
11 13 -20 24 
42 -53 21 -17 
-8 15 8 39 


24 -22 10 -57 
13 -4 28 -6 
-28 35 -49 -38 

20 4 -13 -55 
-30 -47 -30 21 
-39 1 -25 -45 

-23 39 10 -12 

40 49 4 -7 


20 -19 34 5 
-50 57 -47 42 
-12 -25 30 -16 

7 -39 2 17 
18 18 44 -59 


-31 -37 22 -43 


18 -8 34 13 
33 -19 -2 -50 


6 28 14 -39 
-24 -22 -39 -6 


-7 20 7 -59 
-12 -8 -40 -54 
-29 56 -30 45 
-13 -26 -50 8 
24 -28 30 -4 


-17 -43 37 -46 







45 -55 40 5 

-24 -27 14 -45 

6 28 -24 -11 
18 -15 38 20 


17 36 -9 16 
13 18 24 -20 





26 -16 40 -56 



25 -7 -36 -23 

-25 -8 -57 12 
50 -12 29 12 

-12 -28 -15 25 
-45 4 -57 47 
-45 -38 -57 17 



-19 28 -4 8 

2 -20 4 34 
-31 -43 16 -39 
-12 -4 33 -1 
-7 34 17 30 
-45 -4 -31 -16 

-14 21 -40 26 





-25 -15 -11 6 
-16 13 -40 54 

-36 42 -60 15 
-17 9 2 -15 


25 -42 -13 -29 



3 19 -35 58 




10 -29 -21 39 
26 35 19 20 
25 5 -45 -32 
45 -28 11 -12 
2 57 6 -60 
-6 20 9 8 

24 31 -12 -46 




