-26 55 -13 -57 
26 -50 -15 38 
34 21 52 57 
-45 -23 -42 19 
-17 5 -30 -37 
-2 28 51 58 
58 55 -5 -43 
0 -25 -34 19 

-34 -59 13 -31 
57 22 32 30 
-54 -41 -1 23 
9 -5 -3 -54 
5 -7 -16 -39 

-2 26 50 39 
-29 27 23 -36 
-21 42 7 -41 
32 24 47 57 
-50 -1 17 40 
18 -29 37 -5 
42 10 -58 18 
9 55 -42 34 
-13 -47 6 -27 
-59 35 40 10 
-6 -26 14 -38 
19 -18 -48 51 
-48 -55 -12 -28 
44 -11 22 49 
25 -36 8 -56 
-17 25 32 -49 
-36 43 10 30 

-5 13 53 59 
3 -19 -7 22 
5 32 8 -46 
-23 -21 -15 6 

31 -22 27 -10 
39 -47 -17 -15 
24 52 -28 -49 
-23 7 47 27 
-14 35 55 31 

20 -18 36 -7 
-1 41 23 -59 
-18 -40 9 49 

0 3 -7 16 


39 17 10 39 
42 -2 36 -41 
-27 39 -58 56 
-28 -40 35 13 
-15 -49 5 35 
-11 57 50 -6 
-32 -39 6 -60 

42 -1 46 57 
-9 15 16 44 
29 -47 -11 47 

-53 -60 40 17 

-52 -32 47 -48 

23 -50 -59 -16 
-12 42 -43 34 
46 -60 -3 -19 
45 44 -59 30 
12 -48 -33 37 
-17 -45 8 -21 
56 25 5 -18 
56 -8 -40 29 
-23 36 -55 27 
-36 -11 54 19 
-6 -21 19 -18 
-1 10 31 -26 
-44 58 11 9 
-20 46 -40 4 


-44 -31 -56 -33 
-45 28 55 42 


-24 -8 26 22 


-20 -54 49 -11 
44 -24 26 -57 
-11 -29 8 31 

59 5 19 40 

23 18 -6 -30 



1 -50 -12 -50 


8 18 -59 56 
2 33 7 -22 
-19 -4 12 -46 
7 -33 -25 -23 
-21 -27 -48 24 





34 -3 28 -41 


-5 4 14 -38 
-39 33 -40 -41 
-2 33 15 56 
43 23 -27 -1 
53 47 23 10 
38 -56 48 -11 
12 7 13 14 


6 19 -49 -10 
45 5 -25 33 

-25 -34 -28 28 
20 35 40 38 
23 -31 -16 53 


-11 27 34 41 

-47 -47 -59 58 
-15 -25 -28 43 
-52 -32 -21 54 

-14 -15 -49 31 
-43 32 -22 -44 

17 -38 36 -26 

1 55 -50 56 

51 18 -10 29 

14 57 -46 -12 
-46 -14 3 30 

5 34 -53 16 
15 -25 9 -49 
-37 37 0 11 
27 57 -29 41 
27 36 5 -13 
-16 45 15 53 
-41 -10 -1 52 
-23 59 31 33 
23 25 7 -7 

-21 -26 2 -58 


-28 17 -57 58 
-22 -59 -44 -1 
17 -39 4 -27 
-8 -20 59 -23 
-54 25 13 32 
3 -20 15 34 
-59 -8 -19 21 
9 -31 -20 21 

-26 -3 22 -19 
-49 22 -14 -11 
-31 6 19 34 
55 -1 -40 11 
58 21 19 -58 

12 -12 10 -31 

26 -48 -2 -60 
14 -24 12 -42 

-38 29 -5 -49 


22 -5 25 -38 


-42 -14 8 10 

-2 -8 -34 -2 
-30 -10 2 32 

20 46 -18 38 
9 22 53 -36 
34 3 22 -8 
14 -7 22 -45 
-46 45 -21 -14 
5 31 -34 -3 

-15 47 7 -49 

30 -50 14 53 
-4 -37 -17 -51 
14 30 -5 -60 
54 47 33 -32 
18 59 -4 -26 

-12 39 -29 -9 



-43 -9 -38 -51 

58 -48 -48 12 
28 45 30 58 
41 -35 19 -60 
-34 -26 -17 52 






-33 -50 -40 -36 
58 -47 49 -56 
-15 30 -15 11 
2 5 53 34 

31 19 -1 29 
-30 40 49 -12 

13 -42 18 -8 


31 -57 -33 25 
30 3 -58 -11 

39 24 -15 30 

31 18 -34 -27 
42 18 -3 19 
-5 57 -58 47 

44 53 29 31 
24 -41 20 -20 

-6 -29 -25 20 
31 52 14 -47 
-33 24 -14 36 
50 -13 22 0 

-13 15 -58 53 


41 41 8 -8 
34 23 -25 28 

54 -53 14 2 
25 48 -11 8 
-13 -6 15 57 

-44 16 9 -13 
42 -54 16 0 
56 42 37 29 
-24 -44 -19 13 


-9 -27 34 31 
13 20 20 -44 


-6 42 -35 37 
48 -25 -1 0 
-19 55 38 56 

-13 36 32 37 
6 8 -27 26 

-18 -54 -10 3 





11 -18 -18 -11 

7 27 -60 -37 
38 -54 -11 38 
-57 8 -28 -14 

-21 27 58 -9 
37 -38 36 -55 
-12 -9 55 54 

17 1 -23 -36 
-58 5 18 16 


-47 44 -11 26 
-22 47 -52 -42 

57 -23 22 -14 

-7 35 32 -60 
55 5 -16 53 

57 46 31 -36 
37 7 54 -7 


-11 27 -13 -1 
-3 -29 -57 -11 
-57 55 25 4 
14 -56 -21 0 

-2 -46 -33 -50 
-37 -54 -14 -45 
9 54 -13 41 
30 -33 -59 -19 
-23 51 12 19 
-55 4 8 -13 
48 24 42 29 
-2 55 32 -47 
47 -17 29 11 
11 -58 2 15 
-13 -55 46 -30 
33 -39 47 57 
12 -52 11 -36 
54 -54 59 42 
-19 -2 9 -1 


40 -54 -27 -34 

-14 -45 -46 -42 
45 -46 37 32 
36 -46 0 -39 

-12 59 13 -32 
-25 -28 -38 32 
-6 -3 18 -20 
29 -31 -8 -17 
50 -18 0 -57 




-21 33 -11 -35 
-27 -8 0 43 

7 -7 35 -51 
51 15 -7 23 
7 57 54 -3 
1 44 28 58 
23 -29 -8 -19 
35 35 5 -37 
-13 -26 34 -32 
-59 36 -13 47 

18 -15 54 -11 
2 -2 -12 -36 
10 26 -20 -46 

25 -37 13 -26 
-41 15 -6 -26 
-22 9 -30 35 
17 -8 14 52 
55 -39 36 8 
0 25 -56 37 

-35 -15 -30 -58 
-27 23 17 7 
5 59 35 23 

-57 -24 3 48 

-38 18 -28 50 
-1 2 -19 -54 

43 -50 5 35 

-60 49 -43 22 
-28 58 -41 -31 
20 9 26 -8 
-38 52 19 10 
-18 2 -1 37 
15 54 6 3 
1 32 58 54 

-42 45 -39 -14 

-10 -28 51 -49 


39 -36 12 -51 
14 16 9 -54 

7 -30 -3 -54 
-16 51 -6 28 
-30 -2 53 40 
4 -16 31 -5 
-7 24 -54 -8 
-59 49 -59 44 
52 53 13 19 
-41 41 -12 14 

-50 11 -24 17 
-7 43 -19 -31 

55 -55 -22 5 
-37 -27 16 -10 
40 -14 52 24 
35 -57 1 -14 


33 -24 -60 30 

6 51 -49 33 
-50 -7 -26 -15 




57 4 36 -28 
-44 -46 -22 -25 

-41 23 0 -32 



-60 25 41 16 


19 12 30 18 

50 -28 11 -43 
-26 35 2 37 

-26 47 37 7 
26 50 54 46 
28 34 4 -38 
33 -27 -14 -23 
-10 -37 -34 10 
10 53 21 48 




1 -21 12 32 
-22 59 -9 7 

33 -21 7 -24 

4 48 31 -44 

40 -15 15 -46 

-21 33 -49 31 

-50 29 42 40 
-52 -34 -19 -3 
2 -10 53 32 
-49 57 3 -50 
43 4 31 46 
-34 -31 -58 -59 



4 23 40 25 

1 -37 -9 0 


15 28 19 15 

-51 17 -3 52 
-6 -2 -8 -19 

-31 -29 -43 -56 
-56 -12 14 56 
-6 -53 1 -31 
27 43 -28 12 
-4 9 -26 -14 
45 -1 1 -36 
31 4 4 22 
-5 -3 -38 -6 
28 45 -41 10 

41 14 22 -35 
20 9 9 -18 
11 -5 -21 31 

2 -22 12 -32 

3 -31 -29 -4 
-16 -60 -33 33 


29 31 -5 53 





19 -42 -12 -20 


41 -56 31 19 

-28 -20 10 -8 
-60 -54 -30 -42 
13 19 15 -35 
32 48 36 -15 
19 57 -28 41 

-48 19 -54 -52 

23 -31 18 46 
28 -8 53 19 
-43 -34 38 13 


11 1 57 29 
30 -49 17 23 
-22 -42 -2 -37 
-10 -56 -34 -17 

23 21 28 20 
53 -6 24 -30 
-51 -42 -5 -57 

-31 -4 -7 19 

12 28 -4 22 

-19 -48 15 -7 
34 -39 34 22 
-27 46 25 -41 
-19 -37 -9 37 
-18 4 -9 -17 

0 3 -15 -24 




-16 54 59 14 

41 -43 52 -37 


16 46 28 -45 


-30 -25 51 -31 



3 7 31 47 
-8 -57 -36 -11 

58 42 27 -57 
-37 -37 30 40 







20 -56 0 -49 
-22 52 -31 3 
54 -31 -24 32 

51 22 -1 20 
32 12 -6 -59 
5 59 13 44 
-9 44 30 45 
-3 -23 42 -55 
3 12 -1 1 
5 -37 25 -9 
47 54 15 -57 
15 -55 59 -8 
10 17 -16 30 

0 -22 5 19 
-33 -60 -12 16 
5 14 18 44 

18 -33 14 -24 

24 10 -29 6 
49 -36 35 -28 

16 17 3 -31 

-24 3 -39 20 

-25 8 -24 -13 

-48 -14 -14 49 

57 15 -14 -12 


24 -43 -5 -43 
13 -9 30 -31 

-41 15 28 -28 
53 32 -21 -13 
2 -11 16 44 
28 13 -34 -15 


-1 -55 -22 3 
27 0 46 17 
-3 52 13 41 
-25 -25 9 -39 
43 -16 59 -13 
5 46 -1 -39 

40 45 38 -13 
-17 -1 53 4 
-39 26 -42 -24 

56 -16 20 -25 

-20 -11 22 0 
-37 -32 -43 -38 







-2 -10 -33 1 
59 -26 11 -36 
27 -47 3 39 
-47 -20 -56 -7 

-12 18 48 -14 
18 37 46 -25 
-1 44 48 -56 

-10 19 7 7 
-6 3 -57 19 
45 -4 9 -15 
-29 6 -60 18 



44 -14 -24 -4 


-24 38 22 39 



-2 -60 6 -54 

49 28 56 -56 


-2 40 -11 -58 
-59 41 -50 44 
-47 11 -1 -24 

12 -13 -4 52 
30 55 47 -60 
-29 35 -16 -17 




-46 54 21 45 
-58 -34 -22 11 
29 47 15 -10 


1 3 -17 -55 
0 42 4 21 

-47 23 -2 32 


-13 -44 46 12 

17 -58 43 -13 
-43 -47 -35 -59 


10 41 -38 -4 

57 -37 32 -5 



-5 31 13 58 

17 -27 50 -2 


43 -1 22 -60 

-13 17 2 -40 
-33 -39 34 11 



46 58 0 -12 
14 5 8 -45 

-25 -17 17 -24 


-34 -43 3 -37 
23 31 3 52 
2 5 -30 -52 




37 52 42 -18 

11 -11 -29 9 

3 -48 14 -24 
24 33 52 -33 
-34 -9 3 -44 
-28 56 24 -19 
23 -54 -9 -19 
31 -25 28 -58 




38 18 11 -33 


-18 20 -32 43 




20 -39 34 -43 

-24 33 3 -20 
-17 6 12 -18 

22 36 57 -56 
12 -21 14 25 
27 -30 -41 -53 
59 -7 40 2 

6 -18 -19 -36 
3 25 -35 8 
-17 -51 40 -1 
1 56 13 -7 
-45 -26 35 -23 


8 54 50 40 




33 -3 59 1 
4 -26 28 -26 
-2 -3 22 41 
-53 4 -28 -36 
26 20 17 30 
20 33 -3 22 
41 45 36 43 
-11 -4 54 2 

-3 -23 43 35 
-22 49 -3 -21 
23 12 -7 -34 

-10 1 14 -45 
-9 41 -12 -33 
-4 -27 1 -13 


-12 28 46 -52 
1 26 -31 -17 
-35 31 -6 -48 
-29 -27 -54 1 
20 -23 17 30 
12 8 -8 7 

-41 16 -50 52 
4 -9 -11 3 

11 25 1 -60 

-49 13 -40 21 
-36 50 9 -59 
36 -48 42 -44 

-38 -35 -31 -43 
-18 14 -29 40 
-28 35 -12 1 
-46 -47 4 1 




-37 43 38 -36 




13 -14 16 -41 

1 23 30 45 

24 47 20 44 
-14 16 -43 -3 




-8 14 0 -26 
-10 -52 14 -34 
-8 46 -13 24 


-26 19 -17 -19 


-38 -55 -2 -50 
-58 58 -46 10 

13 51 34 -7 
-45 -34 -6 9 
-22 59 27 -18 


6 -36 44 50 
-18 -19 11 -17 

-17 -10 42 37 
27 -28 18 -11 

-17 50 6 8 


51 44 33 7 

23 -55 -2 11 




11 21 -5 -10 


41 -57 17 41 
-43 38 -23 41 

-29 52 44 22 
23 58 -9 38 



7 31 17 -60 
-49 51 38 -3 
5 37 -27 7 
-59 -48 -10 51 
40 -60 -5 59 



-39 -19 -9 0 
-19 -24 -18 43 






2 -48 -19 41 

34 -21 6 -12 
36 -2 3 -35 


-10 -37 -9 36 
17 40 37 39 
25 24 -26 -13 




-1 14 -44 -55 




13 -20 21 -54 
23 2 -30 10 
-33 -19 7 31 

9 25 41 -59 
3 -16 4 19 
9 -10 19 -59 
8 46 6 -29 


-12 13 46 11 
57 49 44 -33 
-17 11 -9 -4 
-51 13 -14 43 


-40 30 -50 -22 
52 -48 49 -26 


4 53 53 20 


37 5 -11 38 



-32 41 40 -17 
-49 37 13 59 
45 1 4 -12 
10 8 -8 33 
-11 -10 -47 -6 
-19 35 -25 -26 
-37 -31 5 -47 
-9 -29 -16 36 

-34 -47 26 20 
41 -51 4 44 
18 -31 -18 56 
20 -30 19 -15 



-47 -21 -6 27 
-2 -4 45 28 
51 -26 21 -16 
33 -14 23 5 


-4 -3 7 7 

-28 15 -41 -12 
2 -8 -33 -50 
40 -12 24 -35 

53 -11 14 -58 


-12 -57 -23 -4 
5 19 -9 2 
-26 -15 -21 47 

-42 39 -49 1 
31 -43 25 15 


-26 -56 30 -35 
46 30 -3 32 

-57 44 -55 -60 
-6 2 -1 39 
-24 48 -22 -1 
-29 28 -2 16 
-35 -6 -37 -29 


38 46 54 -19 

54 -25 -20 44 

-18 32 -10 2 
30 45 6 -27 

-31 43 19 41 

23 48 -9 46 

26 29 34 58 
-26 -12 -56 -37 
-39 -45 7 19 

11 25 29 28 
37 14 3 22 
53 -14 36 24 

49 -45 47 27 
-10 21 4 -31 

24 1 -17 -57 
-37 48 27 46 
-12 -14 -43 25 
-20 -17 -7 -38 
-21 48 28 51 
31 -11 37 -55 

-22 22 13 24 

31 -38 3 -24 




-32 -40 9 -54 

-17 -43 9 -5 
-51 -4 -44 -4 


31 -35 -22 53 


-6 52 32 55 
-5 -46 -17 -11 

19 12 41 -22 

4 14 27 33 
46 -27 4 -49 
-23 -19 -41 49 
-36 38 15 14 
-12 -11 -26 -39 










-6 -57 50 -13 
-18 14 46 -11 
3 59 47 0 


-3 -33 10 55 
0 -32 -27 -47 




-13 26 46 -12 
1 46 -20 8 

17 1 -16 -53 
26 21 -8 12 

-50 -26 -22 7 
-19 19 -12 -10 
-18 -3 19 -28 



-7 7 3 -53 




-17 -7 37 -19 
26 -41 36 31 

-1 43 -23 -2 
3 30 -21 -40 
34 -48 -6 28 
-37 58 14 40 
-54 46 17 17 


-10 34 -6 34 
-3 -17 14 10 

-25 19 57 1 


49 -6 21 48 

40 36 0 -26 


6 44 47 45 

-28 3 -2 -10 

21 -35 -32 14 
44 23 48 28 




7 29 38 -27 
-4 -34 -9 -37 



-17 -10 -54 -17 



-18 -19 16 5 


20 -8 7 -3 
-59 45 -17 44 



-43 23 -20 -23 
-30 39 26 -1 
8 -51 27 6 
6 26 26 -57 
28 9 -30 -23 
-4 27 -54 -44 




-28 -56 -6 -3 
9 -9 -29 -22 

39 -45 23 19 

49 40 -40 5 
-57 -35 -59 45 
-46 -45 -7 1 
24 56 26 -46 





-51 25 13 -37 






-28 -30 -17 -53 

-10 -21 -7 36 
39 49 32 -26 
39 7 37 37 
21 44 -19 27 


-37 47 -24 -7 

-6 -8 29 41 
18 44 -2 -22 


-1 -18 40 43 







7 53 7 -38 
-2 -36 -52 -57 
14 -52 2 22 

-27 -24 -60 1 


-35 5 -35 12 
-7 35 -29 8 



-38 -6 -15 -14 
-22 -38 -18 21 
-17 19 26 -28 
-12 -30 -13 -42 


6 -2 -19 15 




9 -33 -20 -36 


40 -15 2 -13 
11 37 -13 -9 



-37 -17 -31 40 
-7 -9 -49 -23 


-14 9 -44 49 
4 59 -19 -17 
-19 28 16 11 
-10 -2 -60 -56 
8 40 -24 25 

12 -41 1 -51 
46 -9 10 -4 
2 3 -2 -9 
-37 -21 1 22 
-37 19 -18 39 


39 -10 12 35 


0 33 34 6 
23 35 24 44 
39 -8 -14 -42 
-18 -60 -16 40 
7 -44 -21 -20 

45 -45 18 41 

36 -60 -18 1 


-6 -56 39 -54 
-33 -58 15 5 
-53 13 23 2 
48 -10 30 -40 

-15 8 31 17 
-18 58 -52 33 


33 -42 -6 20 

-56 10 -31 -21 
55 -40 50 -48 

-44 -50 -27 12 
-45 14 4 27 


7 -59 51 -51 
43 13 0 12 






-5 20 43 -24 

-3 -52 -9 -2 




56 -7 42 -46 

30 -7 -8 -9 
-19 27 26 -43 
10 22 15 10 


-44 -35 -59 -9 
-45 38 -15 1 
13 31 36 -12 

-19 -45 18 43 
-58 -42 23 -60 


10 -22 -47 18 
59 45 -10 -19 

14 47 -49 57 
-7 -1 11 11 

-14 53 9 -20 
15 -25 48 55 

-2 -5 19 34 




56 -59 31 23 

-4 56 -33 14 

3 44 -40 54 
13 -10 35 11 

-31 59 4 -23 
-53 -30 -26 3 

-24 17 34 26 

-6 12 -21 59 

-17 1 -54 12 
23 -60 -16 -47 


-8 10 25 21 


-59 2 -11 -10 
-27 -3 43 55 
30 -23 -4 -44 
41 9 7 -25 


-48 37 20 -4 
-31 52 16 14 

-47 18 -42 -32 

-5 49 52 16 
0 -20 36 -6 

-43 -1 -11 -24 

-53 -26 -8 2 

4 -38 31 -32 
-23 13 7 25 

-16 54 3 -25 



-22 2 -42 -25 


-44 -57 -28 -48 



14 -38 14 -49 
10 57 -1 55 


32 -44 -43 -34 


-58 33 -40 30 
-30 3 -26 43 
20 18 29 40 
-17 14 32 -46 







2 35 -29 -8 
27 -12 21 46 



5 31 52 -27 


18 -57 -7 -15 
34 24 8 28 


-29 -15 -32 34 
5 -16 -13 -19 



-28 -32 21 -29 
3 36 27 -30 

34 35 17 -15 
11 28 3 -21 


27 -8 4 -56 
-21 -4 -22 19 


22 -17 -16 52 
-39 -5 21 -52 
-10 -49 22 26 

-29 -4 -7 23 



-51 50 23 -50 
-26 52 -44 40 
-29 48 -51 29 


40 -10 18 -29 
8 -2 -45 -52 

-59 22 13 -12 

-38 9 -38 55 
6 51 -20 -9 




-47 55 -33 -45 
12 -39 -33 20 
-8 42 -1 22 

7 -15 48 49 
25 32 35 59 






-2 -41 11 2 
-7 15 -15 -22 


16 0 52 4 
-36 19 -14 25 




-34 -8 -19 -55 
-9 -24 -30 -24 
-37 8 59 19 

39 -22 43 -41 
40 -32 18 -8 
34 5 1 -10 
34 10 24 -43 
-22 -46 12 -19 
12 44 -24 15 
18 -22 -40 5 





-59 -32 15 -3 
4 13 48 15 




59 -16 23 31 
3 16 -27 -44 
18 -53 -11 -56 


6 -20 -28 30 
14 32 5 -25 
14 11 38 -56 


50 32 -8 39 
53 31 37 23 
-49 27 -59 -8 
-1 19 6 -56 

8 6 37 1 
4 -9 4 57 




9 -28 33 4 
17 -1 -35 40 

57 -56 31 47 
-34 43 -32 58 
27 37 -17 35 

41 8 28 -37 
-53 -43 6 55 
-43 1 -21 57 


-14 51 -3 24 
-23 -58 -16 -60 
