-2 36 -45 -21 
14 -60 29 -6 
-37 59 11 -3 
-23 -49 52 18 
-2 46 -38 0 
14 6 33 -6 
-51 -12 -7 4 
57 17 29 -4 
-47 -47 -4 -42 
-39 -13 -19 4 
48 27 -43 38 
41 17 18 51 
-50 43 45 -30 
32 -6 -49 -13 
11 -22 -40 -41 
-23 -26 55 48 
8 -39 -53 7 
-21 14 -39 -59 


25 -42 -16 31 
-42 20 3 -50 
-21 -51 -11 -21 

56 57 -54 -31 
-4 -36 -7 11 
-34 -16 34 20 
54 51 -5 -25 
7 49 -38 39 
29 9 34 -46 

3 -36 -12 24 
22 34 17 -34 
-35 17 -37 -15 
-22 -7 -21 -23 

-19 43 11 10 
-53 -47 26 55 

2 -25 41 55 
-2 2 -47 -42 

-57 47 -55 23 
-13 18 12 30 
-4 48 -36 30 
34 -45 -37 -25 

-39 -9 -32 -44 
21 -14 59 8 
-53 -35 -16 -23 
-6 23 -35 -42 
-28 -5 40 32 
24 15 11 51 
20 52 20 -14 
37 3 4 36 
-53 20 -50 57 
49 39 21 39 
49 -33 16 -38 
14 -48 -37 -50 
58 35 28 -50 
-25 31 -45 -38 
-14 45 -15 41 
-15 -19 25 -9 
9 52 -11 59 
22 9 -39 37 
10 -55 -44 -57 

-32 -56 -44 37 
-57 -54 -45 -38 
-7 -42 -34 -42 

1 46 -18 -58 



-32 42 -60 1 
14 -29 23 15 
40 -33 -12 18 
-9 10 -35 -43 
45 -25 -40 -15 
23 3 -25 -4 
-10 14 -14 35 
-35 -16 49 -2 
29 23 -26 41 

-58 47 -40 -7 
8 13 28 -7 
-9 -49 39 -48 
11 -52 16 25 
21 -41 -34 -45 

24 -9 -29 46 

22 -56 22 -32 
-17 -24 22 -15 
-10 -43 9 -55 
-23 54 32 13 


15 -26 0 59 
-33 -24 -34 -8 
-26 -53 5 -41 

9 44 13 10 

-18 -57 57 -35 
-48 -7 -56 -2 
1 13 24 -13 
6 -2 5 43 
32 56 10 -42 
6 -55 -18 1 
-1 14 31 -4 
0 -4 52 59 
-45 -31 0 25 
44 16 27 -36 
39 -40 2 2 

-10 -26 -52 56 
-25 17 35 57 

15 28 23 -4 
-2 -33 3 56 

-26 -13 -3 20 
30 56 22 -14 

13 58 -56 -3 
51 10 -5 49 

40 58 53 8 
10 27 -35 44 
34 16 -1 6 
-49 23 32 19 
13 -54 -47 -32 
14 -15 9 -25 
-47 18 -53 17 


31 12 15 -51 

17 39 -39 9 
-60 -18 -50 -58 

21 34 36 1 
22 30 40 33 
58 57 4 5 
-4 7 -13 -43 

49 -10 10 -26 
52 10 13 35 

1 50 43 40 
-25 -19 16 27 
-7 31 35 -28 


7 -14 -17 44 
37 -53 55 21 
15 20 -6 -5 

26 56 -12 -32 
-47 -47 -28 -37 
-30 -56 18 -57 

-2 18 -37 25 
1 -47 10 17 
42 6 28 28 


-29 -47 -57 44 
-6 4 -12 6 
-35 -20 -40 23 
55 -21 -9 16 
48 49 26 3 
48 20 46 -1 
-25 26 4 -60 
-1 1 35 -11 
-7 -5 27 -20 

-10 4 12 -13 

-43 38 -19 25 
-45 -12 2 4 
-41 29 47 -8 
51 44 -14 42 
41 53 -39 17 
33 8 -16 -52 
-59 45 -41 -24 
56 -6 -45 4 
16 3 -23 0 

35 38 51 -48 
-12 -38 -39 33 
-21 16 -17 -41 
29 41 39 -50 
2 -29 -12 -36 


-23 4 -52 20 
-2 10 -12 59 
31 43 25 -42 



34 -26 -7 -12 




-56 1 -32 14 
-3 19 21 4 
23 -21 -41 22 
-1 55 2 -53 
1 -50 46 -6 


-32 1 -50 -54 

-47 38 -43 -14 


-56 -8 27 37 


13 -44 -25 7 
-9 -18 19 25 





-19 -51 28 -13 
44 -48 23 -1 



-51 37 18 31 
13 -43 -8 15 
12 -40 -20 5 
-23 -35 -39 -52 
48 -11 12 -9 

19 51 32 45 
14 15 -60 -47 
38 20 -1 36 
-21 59 -19 47 


51 13 -39 45 
-24 46 -26 39 
44 -23 54 4 
12 9 -34 -19 


-44 0 -50 14 

19 -3 44 -56 
2 -38 -29 14 
15 35 48 -2 

-35 54 21 5 


12 7 -26 -23 
5 -21 -2 34 


9 -49 8 -25 
16 5 34 -24 
0 -53 -44 -34 

-33 46 14 -2 

36 9 41 53 
11 -10 -10 -37 

-31 48 -45 20 
33 -34 -16 6 
52 -49 16 23 

53 -29 8 -60 

-14 19 -18 48 

-43 -22 -15 -7 
-23 28 -19 36 

35 -18 -13 -53 

29 42 50 45 
22 30 -7 36 
45 23 -4 3 
-1 45 -16 -32 
-55 2 0 4 
43 -1 39 -24 
-45 -31 1 -19 

8 -4 8 -53 
27 -25 -11 32 

-6 59 25 -4 
26 18 34 16 

-30 -4 57 -45 

49 58 22 10 
1 -36 -49 -9 
8 11 -6 5 

58 -32 31 32 
57 53 -17 55 
12 0 -51 -17 

14 -8 43 52 
8 -14 -30 31 

-12 -12 0 34 
-7 17 -32 -33 
-11 16 56 -47 
-8 -45 -31 -27 
-19 -22 11 -13 

37 23 58 -22 
52 20 -1 -16 

-4 2 -37 -19 
45 27 57 -44 
11 20 24 58 
6 -31 1 -39 

3 29 -3 24 



-21 0 33 -40 

-29 -48 -6 -54 
27 -58 -21 -3 
-10 -6 -18 29 
43 32 16 2 
-56 23 -11 -50 

49 -3 16 -7 
14 -38 -21 48 
18 40 -4 33 

-21 36 30 19 




-42 -10 -18 49 
52 6 -10 7 

-23 1 51 -9 
27 -41 -41 6 
-11 -52 30 36 
-38 4 38 38 



37 16 17 -55 

19 -60 -28 53 
14 32 -38 52 
-39 27 10 14 
30 -55 42 43 
-20 -11 37 -3 
14 -54 1 56 
7 -57 -14 -33 
12 49 -8 -25 
22 -9 47 -13 
-36 -53 33 10 

12 29 -15 9 
-11 55 32 51 

9 -30 11 -16 

-12 51 -38 17 
56 -24 58 28 
58 -60 -4 7 
-9 14 -59 49 
-31 -52 -45 14 
-40 5 32 54 
2 -21 -12 -58 
17 22 17 27 
-49 24 -15 26 
28 -38 47 -7 
-22 30 -37 35 


-51 18 -13 -48 



-11 -59 -24 -42 
52 47 16 4 

45 -16 -4 -20 

6 44 -33 28 



30 18 24 50 
3 -2 -28 59 


-3 -1 -25 57 
11 -35 12 -22 

-20 12 4 34 

-20 -27 7 -6 

53 0 -33 -59 
17 -20 42 48 

42 -60 26 -12 


-46 1 -60 9 
-42 56 -46 58 

-47 42 22 59 
-14 -14 3 31 
52 0 -43 43 
-54 -49 4 -41 

28 50 -2 -31 
18 55 24 32 
-36 37 16 49 
13 -19 15 -15 


11 42 -19 -48 


25 4 41 -36 
-8 16 -49 -57 
-12 -55 26 31 

-34 -9 -17 9 
40 9 41 -32 
43 48 1 -33 

-23 -27 -31 -46 
13 21 -34 53 
-6 -1 -56 -44 
15 44 -48 -17 
40 -9 28 44 

-27 13 -18 31 
-51 -33 -15 -16 


-4 -7 20 47 

-38 12 -11 -45 

-17 -32 -50 7 
4 -44 -24 -43 
-30 28 51 5 

27 -28 22 38 





29 -45 55 6 
18 -60 -43 -42 



-50 45 -50 29 
19 -58 12 -21 
-25 50 -51 -13 
-23 22 18 41 
-19 54 -16 44 
30 4 -2 -28 
-50 24 -10 50 
-7 38 -2 8 
-17 26 0 5 
-22 36 -58 -52 
-4 -15 7 -8 

-38 -55 25 15 

-46 -7 -26 27 
12 24 -8 40 
9 -37 26 -8 

28 -56 12 13 




-56 21 -31 -9 

46 -35 43 40 
-8 5 -32 -57 
-7 2 33 14 
-18 -41 -38 -15 





-9 8 -31 51 
-29 20 49 -38 
-6 -23 19 -39 
41 -55 -2 7 



57 54 7 0 
24 42 31 47 

-19 -60 -12 17 
23 17 -46 42 




31 -28 -36 -51 
-12 -25 21 15 
50 25 39 33 

19 -31 3 59 

-7 -56 -51 -14 
2 -40 -17 30 

-14 24 -9 -25 

16 -13 -4 -28 


48 -54 16 -41 
16 -20 41 32 
39 7 29 -13 
-45 2 55 36 
-22 -2 -56 36 


45 51 34 -37 
-15 -57 -24 -4 

14 -16 43 1 
-31 -14 -28 -45 
-23 -59 -29 10 
-9 0 5 19 
21 -12 1 46 
22 41 -48 -1 
-15 -45 -2 -56 
-3 29 -3 5 
14 -5 15 11 


-24 55 -7 0 



7 22 17 -26 
29 -5 -14 -41 
24 30 -42 33 
14 -6 28 -39 
48 24 31 42 
44 -26 32 16 
30 -25 30 36 

-9 -30 21 42 
-21 -23 59 -22 
26 -48 -8 -51 
-34 -59 4 -46 
16 48 21 -1 


11 59 3 -18 
-22 32 58 44 

-1 12 51 -33 
46 -35 32 37 
-46 12 -59 52 
-10 -15 -35 -28 

9 10 -26 -1 





-55 -28 -38 -22 

2 31 -19 29 
-27 -12 42 6 
49 10 33 -40 
26 -54 -1 -38 



3 -57 1 -33 
-7 -42 -37 12 
-1 -60 17 35 
-21 -45 -8 -44 


-30 -21 -3 -35 
37 14 30 25 
53 20 35 -11 
-15 21 25 -12 
12 37 0 -40 
6 -28 -34 2 


25 30 14 39 

-51 -11 -44 52 

48 -59 -3 -34 
39 -14 -26 -13 
-29 -58 -1 -5 

-22 51 -14 -35 
-23 10 33 -35 
52 -16 5 2 



-12 45 56 -38 
-52 -35 37 -48 



20 20 16 -4 

-19 43 49 -58 

8 7 -30 -39 
-18 21 20 -53 
-21 -8 -4 -30 



-19 -28 31 -12 
58 -24 48 -36 
-29 -24 -3 -26 

-27 42 -7 52 
-56 -43 -52 -37 
-42 51 -29 40 

29 -32 -12 16 
-29 -56 -12 34 
7 43 27 31 


4 -41 -3 29 
18 31 -14 -4 








36 -49 -12 -6 
6 41 -44 -34 



41 37 1 -27 
-50 57 20 35 

-4 46 3 -5 


-37 -8 28 -30 
3 -47 -3 -33 
41 12 -24 43 
8 -47 18 5 
2 -22 29 -13 
9 47 42 -27 
-27 -39 -13 -48 
3 46 3 -34 

-30 -9 -6 52 

-44 31 -30 16 
-18 44 -35 -24 
-13 57 16 51 
-9 34 19 -39 
-17 -58 52 -54 
-13 -5 28 43 
12 -38 13 13 


-4 20 5 -3 

25 41 57 -29 
40 54 29 3 
-14 -21 -37 38 
-9 -53 -9 -32 
11 50 -7 -55 

12 -33 26 -35 
-41 15 -11 -47 
22 -57 -39 -50 

11 35 -6 7 

13 30 -29 34 
-30 -60 -56 11 

53 -37 28 -52 

-9 -9 54 -45 

21 19 20 -28 


10 7 -7 -50 
6 8 30 39 
-60 -15 -8 -38 


-8 51 7 13 
-11 -34 52 0 
-6 22 37 36 


-45 -55 11 12 

-7 29 36 44 


36 -28 7 10 
-20 -12 40 -49 
-38 54 -37 -7 

-10 5 34 -41 
-9 -51 7 -54 
-56 -32 -9 -51 
36 -59 24 0 



-12 24 9 -6 

2 43 18 -49 
-5 52 -21 31 


-12 35 -8 24 



-31 -3 -54 24 
-47 -26 49 57 

-8 -32 -9 -36 
56 -19 -2 -44 
-10 56 5 -3 

31 -39 3 -4 
-35 0 -45 11 
5 58 9 23 
-5 14 -13 17 

-37 -29 -5 -18 


-34 49 5 25 
-37 -13 -28 9 
10 -23 20 -25 



-7 59 -4 -13 



-5 -58 -20 -59 
17 47 -39 58 

-18 20 -32 19 
11 -36 -10 55 
29 -34 45 -55 

52 -20 -9 -32 
-33 52 -9 36 


-18 38 3 30 
-40 6 47 12 
16 4 47 54 
27 -24 24 -40 


23 -25 47 13 
-60 10 -11 38 

-53 55 32 35 


56 34 -16 -21 
24 22 52 42 
-47 43 -56 -31 
19 53 12 -18 

-5 37 -23 58 


51 29 9 -12 

10 -37 2 17 
-51 -28 -54 21 




-45 51 28 17 

6 -28 -11 -28 

13 15 17 -10 
8 8 25 26 
-19 -4 -22 -25 

-4 42 -46 32 
-11 -60 -34 46 
50 -17 4 -39 
-3 1 23 -13 


-51 26 -58 -24 






20 45 20 13 


8 1 13 43 



12 50 -15 43 
25 -49 24 -1 
9 33 -47 -23 

-7 -46 24 49 


-12 59 -45 -24 

-45 27 -26 -28 

-39 -15 -48 24 

9 -43 16 -55 
-1 -52 10 2 


-12 -19 37 -40 



54 11 57 3 
-37 -59 -13 1 


14 5 58 7 
-51 -37 3 48 
-18 -1 -13 13 
-51 20 -51 -25 

50 -31 3 -4 

8 30 50 56 



55 30 28 55 



-23 7 31 53 
-2 -32 38 31 





22 -8 38 -45 


-42 -4 48 45 
-39 19 18 4 
-33 7 39 9 
-9 -9 -51 -42 
-21 -20 4 -13 
33 26 49 20 
-12 14 -12 -50 

42 48 -29 -49 

5 -10 20 -43 
-16 -28 -38 46 
4 -33 23 -13 

4 -57 36 -48 
-5 -19 -16 -49 

-59 -19 -59 31 
-3 -25 -27 6 


18 21 -16 -4 

22 -42 42 44 

-21 58 -59 55 


-49 52 -4 -33 


0 13 35 11 

4 -30 -25 28 
43 -13 28 -26 

12 -39 18 36 
-35 -32 17 -1 

-17 -18 -34 -43 
14 -23 -33 -14 
1 -10 22 35 
15 -52 53 -46 
54 58 -8 -4 

29 23 0 -23 
-56 38 25 -6 


6 12 -35 19 
2 -22 26 -15 
52 -48 53 42 
14 24 -49 40 
31 -44 -2 38 
16 -6 6 -55 
-29 52 24 34 
-28 -56 -44 -32 
34 -9 5 -12 





-3 29 33 40 
-26 -46 -6 18 
-13 23 27 12 
15 27 -28 25 
28 27 -44 52 
-24 -19 16 -51 




-30 -28 31 -49 


-22 -51 -15 3 

11 1 56 25 
21 -57 27 23 

11 30 -17 -39 
-5 24 -26 -24 


23 58 41 46 


-47 34 -8 -42 



-27 -4 10 -48 


-13 -7 14 51 

27 1 37 -5 

53 1 -20 -16 
-8 43 8 -45 
39 -22 33 7 

2 -29 32 35 
1 -27 -46 -33 

-30 -16 -49 -46 
1 22 12 56 
41 51 -7 -12 

34 16 18 -25 
25 44 15 -17 

-9 -46 0 -4 

28 -24 17 58 
39 -19 -13 54 



-43 -7 -20 17 
2 -57 2 31 
-39 48 -11 -51 

48 40 -9 -1 
-21 -34 -41 -9 
57 -50 57 -27 

-19 -48 -21 33 


-30 9 18 25 
-33 -3 28 19 

40 34 12 13 

49 -19 21 7 

-58 -33 59 4 
-57 4 18 6 
-31 3 39 -22 
27 12 45 9 
-41 -15 -35 -24 



30 -59 43 24 
-20 -21 -46 -49 

2 -58 37 12 

11 4 -19 49 


-20 -4 -20 -56 
-19 35 43 17 
-20 44 -41 41 

8 -41 40 -39 

20 33 44 31 
-14 1 12 -17 


-20 14 -26 1 


-11 22 -27 1 
43 31 6 -1 




-2 48 -23 -36 


15 24 -28 -8 

-41 10 -33 -43 

25 2 9 -1 
-7 -26 26 5 
11 -14 21 -9 
-25 -5 6 -34 



20 1 -15 55 

3 -15 58 -17 
-6 -54 3 22 
-55 -15 -37 -47 
5 -50 25 -16 
33 -31 -3 4 


-34 6 -7 17 
10 42 -17 17 



57 -47 27 41 

-21 -53 -13 53 
-6 -41 -56 -21 
-13 -27 49 16 
-9 -47 24 -42 

-28 42 -55 -40 




35 33 31 39 


13 22 -33 53 

-19 19 0 -37 

-19 -6 31 -59 


8 -9 -16 9 






50 39 33 50 
-9 -3 36 44 




17 18 53 40 
49 2 36 47 
-3 -10 5 -57 
21 -32 -24 4 



17 -10 -43 26 
16 -56 -42 -15 
-26 23 10 3 



-36 12 -42 -7 
-56 12 -2 8 
21 18 -12 43 


12 59 15 -28 
18 -8 -29 58 
-29 -28 12 -30 
30 -4 17 -13 
36 55 -5 6 
-32 29 -60 42 
-12 22 -21 -13 


23 55 12 34 
-57 56 20 49 
50 -56 -36 -48 
-4 -6 -9 37 
16 26 -33 23 
-5 55 34 -22 
-11 38 -18 -14 



30 15 12 -23 

-39 44 -27 -25 
14 40 -15 17 
-7 18 -13 51 
28 33 11 -16 



10 10 -18 -45 


20 -9 -35 -44 
37 54 -1 44 


37 -31 24 -20 
-28 42 6 9 
9 29 -34 0 
-11 8 20 -19 

0 -16 44 11 

37 12 -53 -13 
30 -38 8 19 
-20 30 30 32 
-12 53 -8 38 
9 21 -42 -27 

24 -50 37 -43 
-39 -48 -7 -49 

-54 -60 8 34 

-18 -29 -33 59 
17 -15 46 20 






2 34 -45 56 


-28 59 -17 13 

-51 22 6 54 

-29 -47 10 -22 
19 -16 54 28 
-56 -59 -26 -45 
12 -24 44 33 

21 21 54 29 


6 -33 -51 14 
17 -15 -9 13 

24 44 -6 51 
-27 -51 5 15 
-58 57 3 43 



56 -8 36 -55 
-28 -6 -26 -46 
-49 15 -42 -33 

29 57 18 -3 

8 28 23 -7 
-24 -8 -45 -16 

1 -53 -52 -57 



8 -36 -5 -12 
3 13 -40 22 
-43 -48 -45 36 



-10 -21 -32 48 
-31 32 13 -6 
17 -42 -53 -59 

1 -57 41 26 
-1 -53 12 8 

45 27 25 -8 



-48 -54 -25 23 

-5 23 44 -38 

-32 4 -1 45 





30 -7 11 28 
-39 57 -60 -53 







0 -28 -45 -60 



42 22 21 -23 


-20 -17 9 -44 
6 1 -22 45 
-6 55 -53 26 


-48 -47 -21 -20 

-52 -14 25 -59 
-20 57 -32 42 
-28 47 -19 50 
-10 -9 57 59 
-18 -11 -13 32 
-29 48 -18 -35 
-10 -17 10 50 

-56 49 -56 -20 




-9 -24 40 5 
51 -14 48 59 

-27 -21 15 -49 
13 32 -34 -53 


-22 -4 45 25 
19 -15 -25 -44 
15 -1 -6 -37 
-13 34 -32 32 

38 -28 -39 -40 
11 -60 27 23 
26 22 3 46 


-3 34 -22 39 


11 12 -32 37 
-26 53 -42 18 
4 9 -38 -14 
-39 -3 -24 36 
53 -54 -13 34 
22 -50 -9 -31 
-5 58 -41 -42 
-44 25 -58 44 
-16 -8 -23 14 
-60 43 -4 1 

-7 -58 -26 51 

12 43 -29 23 
-5 -9 39 -28 

-47 -41 -26 36 




-39 -34 -29 40 
29 -41 11 50 

-7 -1 -23 -26 
-31 25 -13 -13 


-39 -8 -5 50 
52 5 41 -1 




40 -23 41 3 


-11 -25 -13 50 

-45 -49 -31 -23 
-37 40 -14 -7 
9 -11 -24 41 

22 48 39 -59 

-20 46 5 -7 

19 -15 12 -5 
12 -13 -7 40 

56 -5 37 52 


-3 39 31 -48 






25 14 -39 46 








28 -31 -27 6 
-2 -13 37 14 

18 20 0 43 






-2 48 3 -32 

0 2 38 -41 


0 59 -46 56 
-12 47 0 13 
50 30 52 1 
-15 -2 -19 -18 
21 16 47 47 
-43 22 -15 -7 

-4 48 -8 15 

-4 -19 -41 -28 

-35 6 -56 -9 
-3 -36 12 -19 
-15 -13 -58 57 


24 27 25 52 

-21 52 -14 -34 
43 58 16 3 

4 44 -15 8 
-19 57 35 -12 


-40 -10 -33 -30 
5 47 -35 55 

-16 58 -46 52 
-3 -43 -16 -13 

-6 34 43 45 
51 12 43 39 

-14 -46 34 19 
-36 10 -27 16 
16 0 -6 -56 
-51 55 0 -38 

50 -19 24 -18 


-8 -31 57 38 
-53 52 -53 2 





25 -31 55 -9 


18 24 4 -58 
-39 49 -16 -5 

0 -42 -10 -51 
19 -43 34 -4 



-10 -32 20 18 

29 40 4 58 


-38 9 -23 -20 

59 35 -3 25 
-56 36 -26 -38 
54 -8 -43 -26 


35 -19 35 -14 
37 -32 8 21 


-17 -60 -39 -7 

-9 59 20 11 
