6 37 -44 -2 
-58 52 -3 -48 
44 -24 52 54 

-21 -56 40 -26 
-39 40 -29 8 
-37 -48 -44 -18 
-34 -27 -29 -42 


-15 38 -52 26 
-12 -27 -24 8 
3 39 49 -25 
4 -14 18 36 
-43 16 -44 -11 
-23 -14 -29 36 

37 -59 57 26 
58 -26 -15 -43 
23 19 12 -17 

9 9 -38 -55 
-22 -14 23 -21 
33 31 9 -2 
-25 -56 -32 53 
-48 -53 56 9 
-36 50 -27 -11 

53 32 -14 -58 
-6 3 -40 -29 
-35 57 11 20 
53 25 -60 20 
-15 -34 37 -59 
-5 34 -31 4 
-45 26 3 -32 
-41 14 4 27 
48 -21 51 -52 
32 -46 -36 -9 
13 -20 -23 -3 
39 -28 -44 27 
2 -44 -16 7 

47 -6 49 -27 
17 -56 35 45 

18 -13 0 7 
49 -21 -54 4 

16 42 -25 13 
-24 -37 -15 -36 

-27 45 53 -11 
-28 1 -40 -50 
3 -46 1 -18 

-16 -2 49 9 
-46 -45 13 -31 
0 -33 8 -34 
-37 -22 4 25 




-23 -38 -45 32 
-25 -20 -51 -52 
-18 -32 36 30 
-29 21 42 29 
-17 -2 24 22 
-20 -57 -25 -26 
41 -17 -29 49 


-12 -36 -55 -49 
2 36 41 5 
6 -31 -1 -26 
20 -23 -57 19 
52 -39 -8 -9 
-42 -14 -48 56 
-41 11 -53 -52 
0 59 5 18 
-21 56 -40 4 
-21 9 -23 -41 
-44 -27 31 11 
20 -50 31 -9 
5 11 -9 -33 
-55 15 27 1 

-10 -37 -27 23 
-33 -36 -12 -6 
14 -56 34 -51 
21 -42 57 47 
12 -43 -38 -21 
21 26 20 -49 
-26 31 22 45 

-5 -48 17 46 
-57 -13 -11 -33 

53 -43 -9 49 

21 -18 49 -17 

-60 46 49 -5 


-17 -3 26 10 

21 15 -19 27 

6 -44 -26 33 
45 10 52 -38 
-28 -25 54 2 
53 29 42 20 
-29 49 -19 31 
21 10 20 -11 
58 1 -2 -41 
-31 -60 -4 -40 
-39 5 -47 -34 


8 5 -5 -28 

3 38 41 -57 
46 -2 3 5 





39 15 -6 5 
31 -25 -25 -20 
8 15 22 30 
14 -45 -29 -32 
39 -23 4 22 


13 17 -28 -5 

7 15 -27 -38 


2 -26 17 48 
-18 39 35 -48 
-11 56 -8 33 
-6 22 -5 27 

52 48 3 21 
-34 -57 41 36 

-17 -12 13 -54 
27 5 49 -10 
39 12 49 -11 
-21 34 -40 28 
19 52 -59 23 
-4 -32 9 1 

24 -47 4 -53 


-27 -12 7 -39 
-6 -17 -32 -36 



21 56 -60 -34 
-24 35 1 46 
-43 -3 -28 -27 

5 30 -21 -50 
-28 -44 -21 28 
-23 34 46 -10 
47 4 26 46 
30 -4 40 1 

55 -17 55 40 
-20 5 -29 18 
-58 17 3 18 
-55 -19 1 -12 

34 -59 4 -31 

-17 19 -9 25 

16 -29 -12 -8 
25 -26 -1 16 


36 43 35 -28 
-3 55 -6 -59 


-55 -24 25 10 
20 45 3 4 
-39 57 11 27 
-28 -44 -34 24 
-13 -23 5 -49 
-38 -27 -25 -25 



-12 -42 -3 -4 

9 8 1 -12 

11 -18 -44 37 

-32 -5 -24 -58 
3 51 -46 -5 

6 29 -60 -48 

12 -46 -24 14 
-36 -41 -12 -26 
24 13 -18 11 
49 -5 34 -46 
30 1 22 -56 
45 24 -38 16 
41 42 -20 32 
-35 -59 -21 21 


12 -52 28 36 

-20 13 26 -41 
21 50 39 -26 


6 30 -46 -47 
49 36 4 -49 
20 13 19 9 
-31 -33 27 54 
28 -30 29 -59 

28 -47 34 -46 
-20 -54 20 -34 


18 1 -32 -10 

-45 4 -32 -27 
21 48 -52 -43 
0 -11 -11 51 


-3 44 40 48 
25 58 -58 41 


25 -15 -19 54 
23 -3 -6 22 

-57 -56 -53 -49 
-17 22 -18 9 

46 56 0 -42 
7 -21 -22 51 
-10 -39 46 15 

-57 7 -50 12 
-13 -53 -29 7 
34 -14 -20 -7 


46 -13 57 39 
7 -48 16 -15 
34 -29 34 -9 
15 -4 -42 57 

29 -15 13 36 
20 -38 21 -60 
57 -45 35 19 
-2 -8 -33 -46 
-31 -25 -27 11 

-11 -55 52 -17 



42 58 25 50 
57 -33 -18 24 
-48 -10 -57 -23 
11 18 -13 31 
36 35 53 -32 
14 -17 -29 -48 
25 15 -29 -1 
-14 -22 37 33 


-25 25 -31 -9 




-35 -34 -40 -5 
46 19 21 -57 
44 19 -24 4 
-58 -4 -48 1 

30 1 -21 -38 

19 -11 25 31 
44 -28 -1 -23 
16 42 -8 6 


41 47 59 -32 

32 -21 13 5 
-10 22 14 43 
3 4 6 -42 
4 8 40 -26 
-14 -5 -34 25 

7 -37 -58 -45 
14 46 0 51 
47 7 1 8 

34 2 -3 -30 

-25 30 -12 37 
-27 25 -46 26 


-18 -14 -1 6 




57 6 -20 10 
-32 -57 -55 -3 

9 -37 -40 10 
-8 46 -57 35 

-31 13 -16 -5 
-10 -43 4 -36 



6 -3 40 16 

-45 -19 -45 -31 
34 8 -28 55 
-6 16 18 56 

-13 38 18 59 
-23 5 -27 -12 

35 -12 25 -37 
-13 39 40 5 

-60 52 15 9 
15 -37 -10 -3 

1 -1 -7 0 
32 -46 25 52 
9 58 -46 39 
30 14 -50 52 
-52 -14 54 -2 
31 -15 45 -17 


-15 -46 -26 -24 
41 44 38 -34 



-38 24 9 -14 
20 -57 -8 51 

17 -19 -52 -49 

24 -17 12 -21 
3 -24 -31 54 
-20 40 -25 45 
-41 -55 17 -36 
13 33 -1 -37 


6 52 -58 -32 
54 54 33 50 
-37 -25 7 -49 
2 -59 -55 -23 

-11 -23 -21 -8 
57 -58 -9 58 

-21 54 10 -55 
-51 -58 -57 24 
-24 13 -32 -50 

4 54 13 -5 
-52 48 5 -11 
-53 19 -45 31 
1 33 17 -7 
29 41 -10 -19 
23 42 33 -55 

49 -3 48 12 


-2 47 -3 23 
-49 -46 -45 28 

22 15 43 31 
-28 -55 -29 -16 
4 -45 15 -50 
14 -26 29 -45 


29 -26 -50 -50 
-60 45 10 58 
1 25 2 -49 



39 -23 52 33 

16 54 -11 -59 
-53 7 3 54 

11 36 -22 3 
-15 -5 32 -3 
-39 -10 35 14 
-40 55 -5 -23 
52 2 46 44 

47 20 26 -2 
55 -22 -2 -2 
23 50 5 4 
46 -23 59 -47 
48 14 55 -56 

8 -5 -55 -55 
32 -41 -13 26 
-16 -20 -33 -27 
24 52 -19 -44 

-16 37 23 8 
-2 22 -33 31 
56 -58 -25 -47 
5 -10 51 17 

-24 7 -26 -20 

42 -22 42 6 
-42 57 -4 -9 

-36 -25 -21 4 
12 0 37 52 

-25 33 2 -13 

14 -30 -44 -42 
9 35 -44 18 


-50 55 -40 2 

-25 19 23 12 

-26 -36 -6 -8 

-13 41 -29 44 

-16 49 -11 -11 

-8 -50 -32 15 


29 -24 -8 -10 
29 51 -29 -29 


-8 14 -20 -28 



8 56 33 28 
27 -16 46 -60 
25 -36 43 -52 

0 -34 20 20 
39 -43 7 -39 

48 -56 -25 -17 

6 -6 5 -54 
-31 47 44 50 
15 -8 -38 17 

58 -58 24 7 

25 8 -29 30 
4 -42 13 13 
-31 -12 -32 -59 
-2 -47 28 22 
41 -2 -45 -25 



-19 -54 26 -13 







-31 -12 -48 49 

-1 7 -12 11 

0 9 2 51 
-25 -10 -14 32 
-26 15 38 37 

-24 38 24 -31 

17 49 29 54 


27 -8 24 21 
-41 19 -9 7 
39 -31 25 25 





-6 -21 -1 -14 
8 -17 23 -33 
11 -42 -16 -13 
12 -5 -52 56 
0 -9 3 24 

-4 -25 -24 5 




28 7 -1 24 
-42 59 2 15 

6 -51 16 -9 

44 -4 42 -55 
29 -51 10 -58 
49 49 57 15 

0 20 -59 33 
-17 14 -5 43 
7 18 12 -22 
-26 59 -27 0 


-7 1 -36 -51 
18 -12 43 -19 

37 -28 34 26 
11 26 2 44 

-2 34 -26 25 
-55 -52 -45 1 
-17 -39 7 17 


-17 -60 -41 -9 

18 -47 18 -37 
14 -33 33 -21 

49 25 23 12 
51 0 55 58 
20 16 -54 36 
-3 40 -25 -22 

27 8 55 45 

-10 24 13 35 







-1 -4 -16 -13 
17 45 -24 58 


-11 -21 49 47 

17 16 -19 59 
36 55 -20 -29 
31 -5 -9 -30 
14 18 -44 40 


-17 1 51 -30 
2 40 -6 40 

-59 49 0 -12 
39 13 -22 14 


-4 -1 -59 -4 
-34 51 -30 -19 



-54 -1 -4 -9 




-13 13 0 40 

15 11 38 10 




-8 -52 20 9 
7 19 -41 12 
-23 -1 56 -2 

-27 30 -27 -53 
36 46 -44 -50 

-38 7 -35 52 

16 33 -37 58 

1 -29 -23 -48 
-2 25 38 0 
-4 -20 -1 1 
-28 23 0 28 
19 -31 2 26 


4 -12 38 24 

-52 -18 13 -2 
23 -12 -49 20 
-12 -43 49 -55 
36 -25 27 6 
-37 -1 -1 5 
-43 24 -50 -22 





-7 25 2 52 




-49 -11 -57 32 


-20 47 26 -13 
32 -23 23 36 
31 -34 11 7 

-17 56 -22 -42 
-11 30 -7 -23 


16 48 -12 12 
-45 38 -44 28 
-53 35 18 19 

-4 -35 0 -32 
-16 -12 -52 29 
-51 3 -27 -38 

7 -49 25 -9 
1 -8 -36 -11 
-8 -48 -18 -11 
48 -11 -21 53 


-5 15 -8 30 

-24 -30 59 -25 
43 3 59 19 
11 -15 17 -5 
40 24 -6 -11 
-54 8 21 42 

-6 47 9 -52 
57 -44 9 -18 
18 50 7 15 
50 -42 5 56 
20 -28 0 24 
-41 -58 -47 -18 

6 37 -36 26 


-3 -2 3 28 
16 -3 -30 48 
-52 49 -2 -57 

33 -52 18 -51 
29 -30 21 -55 
-11 29 -31 8 
14 45 34 -15 

-10 6 51 19 
32 2 15 9 
-18 23 -8 -32 



-26 8 -35 26 

-2 -31 -58 -50 
15 33 -19 22 
33 -1 -11 48 

-36 -46 -26 -28 

19 -20 37 -7 
-54 17 -44 22 
46 30 -10 3 

-48 -31 7 -53 
-5 18 18 -38 

21 -21 -2 46 
29 5 16 -53 

-19 13 -18 19 
4 -18 -59 -44 
1 56 -18 35 

33 27 20 44 

21 56 50 53 
-2 -58 46 -9 
-10 -11 1 -18 
23 -54 -13 -41 
-60 30 17 31 

-1 -28 -16 59 
28 1 -42 42 
-27 -58 28 -14 


-2 2 -21 21 

-40 12 -23 43 




-5 -2 -32 -45 
-21 37 -52 53 
-28 -14 54 49 

-1 29 21 -53 
26 56 -23 42 
42 -14 59 -15 
-10 42 -58 -40 

-30 28 -1 -35 


-20 -26 16 6 

-25 11 -19 56 
37 57 16 51 

11 23 -36 -17 
4 0 -37 14 
-60 28 -12 33 

-23 -1 -23 -47 

-39 46 10 52 



-4 18 -28 -21 
54 38 42 -20 
-58 -7 7 30 
14 29 18 50 
6 -15 50 -55 


4 -26 -10 -35 
-22 24 25 48 


43 45 20 14 
-40 -9 -31 -25 



36 53 54 -34 
-13 -30 -5 0 
1 -44 16 -7 
-50 37 -40 19 
-9 -3 41 23 



13 -5 -34 12 

39 23 12 -57 

-13 -30 -41 -46 
10 -15 25 46 
-8 -44 -6 27 
41 -35 15 -1 
-24 43 18 26 
12 -8 -6 -26 

7 -41 52 -2 
44 35 -35 59 
17 13 12 -4 


-4 25 12 5 

-2 18 51 51 
-22 -44 -50 -13 

40 49 -14 20 
-13 53 7 14 
-39 8 2 12 
56 -58 -13 -29 

-2 46 14 -20 
10 52 -25 25 
-38 -8 -23 56 


-33 47 2 -9 



-47 -53 -1 -43 


25 58 -41 -45 
55 -34 44 49 
4 -11 29 -10 


23 56 11 -22 
-1 -5 30 20 
-30 -23 44 -8 
56 -45 13 26 
-17 -15 11 52 
22 32 -43 6 

-1 7 -20 33 
-20 38 -32 40 


-2 -34 -34 26 



-60 20 -1 -31 
7 -4 27 45 
18 0 40 54 

-23 -1 15 22 
-34 -40 -27 57 
10 -40 7 -24 



3 -38 0 -55 
-57 15 51 -11 
-26 29 -7 -60 
33 46 53 -46 
21 36 -5 -9 


44 49 30 -52 
-7 -54 22 11 
10 37 -56 26 

32 -15 -37 -13 

15 -48 4 37 

27 -15 28 4 




-21 38 37 31 
-8 31 15 -29 
4 -52 -38 -59 
1 -36 -4 4 
23 -6 -20 5 

31 42 -19 -7 
-1 -52 19 -28 
10 54 -16 -15 



-16 42 58 42 
25 -11 17 -15 
-52 4 -23 18 
-6 46 -42 10 



-58 1 27 -35 
-32 -50 15 26 
23 2 15 -22 

37 -59 0 -47 

-20 40 -35 3 


18 -11 -43 -10 

-23 -24 -18 -17 
25 -36 -21 46 
-60 17 44 55 



27 -1 16 3 
-9 -1 -27 -50 
-56 12 -60 -20 
-58 -10 34 25 
-1 -31 11 22 


16 52 -11 -7 


-28 -6 -51 50 
-10 -49 -38 -51 

25 -8 -14 48 
-40 -9 -5 44 
5 12 -6 50 
17 25 -50 -12 
20 24 37 49 
-53 -34 -40 -48 
-3 -18 3 19 

58 4 29 -59 
15 56 -33 2 
45 -56 4 -54 



0 51 17 -29 
26 8 -22 -5 

-30 -5 -58 41 


16 48 -32 -37 
-22 -43 25 27 


-32 -34 -7 -55 

-16 -19 -14 35 
49 28 -6 15 

-47 -41 -23 -42 
22 -2 -3 26 
-12 39 -7 23 
4 52 -38 55 
16 -31 29 -18 
-17 -60 -27 -11 

-13 42 -39 28 
52 -58 17 44 
33 -51 34 21 
59 -43 -11 8 



-7 -1 -4 -7 
36 -43 -6 -22 
25 -3 7 7 
20 -59 30 20 

30 -5 50 -17 


5 -17 -17 -43 
-29 -22 11 -36 




-57 52 38 48 
-20 -58 -5 54 

-56 59 -29 -34 
30 -18 30 6 
42 -21 1 -20 
-30 51 -7 -40 
6 -48 9 -32 

51 32 18 12 
29 43 4 12 
-39 42 -27 -20 


-31 -39 -1 -11 
12 40 -41 48 
-9 36 -51 -60 
15 41 17 3 
-51 -42 8 25 
8 -24 -18 -53 
-58 -16 -9 39 


-2 -12 32 -17 
-17 35 38 -4 
36 13 -2 9 
-15 -50 7 5 
28 16 11 1 

-47 -2 -53 -28 

12 27 -4 32 
31 4 0 -42 

-3 -32 24 11 
10 44 -37 -1 

35 -28 36 -41 

-24 -18 16 58 
-38 49 -39 54 
4 28 -15 26 
-50 -59 3 16 

-28 24 31 22 
8 48 21 -15 


-38 -51 -43 3 

-45 -52 -55 -49 
14 43 40 35 

-39 -35 10 8 
-60 9 44 -50 
33 34 -57 2 
-3 58 7 36 
12 -6 5 -45 
-28 -12 1 -46 

12 -17 14 38 



-44 41 -41 4 
55 19 9 49 
-50 -58 -14 12 

-22 54 -29 -13 
45 -52 14 -58 
-37 -48 -31 31 

42 36 24 -50 
-8 59 29 -13 

41 -36 -33 4 


-13 -55 -11 -7 


-10 -39 -45 17 


3 -30 -5 -34 
48 38 18 14 
8 -7 31 30 
47 -35 -19 1 

-5 -8 12 25 
58 -45 -15 26 
8 -45 14 23 
-27 3 23 -12 

35 3 21 49 
-26 47 -21 45 

5 -53 42 18 

37 -58 -3 -1 
-5 25 -3 42 
29 -26 -33 58 
1 -60 -32 -32 
10 33 37 45 
31 4 -49 -6 
14 -48 19 -8 




-28 -39 -22 -58 
-7 -21 -4 -2 

-12 -53 -49 54 

-3 45 -32 8 
30 -9 40 -53 
-4 -9 7 -6 
0 -9 39 -60 




2 -47 -9 -56 

-3 -2 14 17 
42 -24 28 -3 
44 -47 48 -11 
-9 -32 -7 4 



-44 26 4 -23 
-2 25 -15 -48 

17 31 -22 -52 

-25 30 -42 37 
49 -15 22 21 

-9 26 -8 10 




-28 -31 0 18 
29 44 2 -9 
-20 33 5 35 
32 16 1 55 



-19 -11 20 56 

1 -16 -45 -4 

26 -2 -33 -30 
-30 -23 -11 -56 

-10 -45 -60 -57 

18 23 -31 7 


-26 -12 -3 1 



5 1 46 -3 

-1 -60 -39 -32 
9 56 33 45 
1 -9 4 5 
-43 -49 -43 -40 
3 41 -16 47 




-27 8 -27 -32 
-32 49 12 -5 
-53 -37 -7 41 



-1 -18 6 47 
34 -51 32 47 
-1 -12 -27 26 

27 -48 35 34 
-20 -47 -2 14 



43 -59 10 -40 
20 58 -15 32 


9 17 -10 22 
0 6 29 40 
2 53 -48 20 

55 -49 5 -29 



21 -29 -6 -8 
-49 -37 -11 25 

-30 -2 3 -44 

-18 -38 -3 38 
-6 35 24 -14 

20 -35 -5 -14 

45 16 10 -11 


4 -5 -14 -39 



-18 50 5 6 





5 -40 9 -43 

36 57 31 -10 
7 -32 32 10 
-52 -14 13 -29 

-36 33 19 -32 

-54 31 4 -15 
21 -26 16 -28 
-6 -37 -36 3 

30 11 -3 -35 
-6 -11 21 9 
13 -36 -7 23 
39 3 46 57 


-37 15 -22 -52 
44 -2 -4 58 

47 9 31 -3 
-4 -26 26 9 
13 -47 22 -17 




39 26 -36 -50 
21 50 -22 56 
-39 -41 -10 16 



10 -43 8 11 
45 -11 20 33 

0 54 -9 17 




-19 46 -42 -41 
20 -6 19 -2 


32 -36 20 24 
11 -55 3 33 
45 -54 -4 -10 
-5 -42 -36 23 
12 12 -25 -35 
-60 -38 -41 -53 
-21 40 -19 -60 


13 -36 -49 -1 

-48 -44 -4 35 
47 -22 54 43 


-17 16 2 9 



-13 10 29 -40 

16 5 -11 -16 

33 -3 16 57 
-5 -7 4 4 
-2 45 13 -26 
13 -24 14 8 
-32 -16 5 36 
-36 -30 -29 35 

-26 25 49 -49 
-41 -15 -15 -33 
-17 17 -25 3 
17 -47 -17 -28 
-22 56 9 38 


48 20 57 -57 
28 -22 23 39 
10 -35 44 -56 

26 15 41 2 





-23 -25 -44 19 

-52 -5 -14 47 
25 -36 10 -2 

29 -9 42 -8 

-9 44 -24 -25 
-1 35 -15 -47 
-25 -4 -14 -10 

-40 -8 -44 -1 

26 39 -23 46 
46 39 8 35 
20 -37 -1 49 
9 31 30 40 
-25 14 -29 -10 


-10 15 -34 -46 
1 -34 3 36 



14 21 -29 45 



12 47 15 15 
-29 -14 -3 25 

51 26 21 29 


20 12 -22 18 



-21 -31 33 56 

-17 -33 16 27 
57 35 23 12 

-8 -27 25 -22 

-29 43 -16 8 
-35 -10 3 24 
34 -2 -16 -44 
30 -19 -13 -6 
-30 34 -16 17 

10 -39 14 32 


4 -44 52 52 
-16 -18 -26 15 
13 50 -38 58 



5 -48 -8 -54 

34 -1 40 22 
37 -37 11 55 





28 38 -24 -15 

50 1 -34 -32 
-5 -12 1 35 

35 2 16 -55 
7 -22 -20 -22 


-59 35 -52 18 
13 50 -18 32 
-39 -42 -54 -37 
-10 32 -40 35 
-38 26 13 -60 


-5 16 16 -3 
-51 -45 -35 12 


14 -20 16 -35 
44 -40 12 3 




-33 -4 9 -6 
55 -56 6 -56 




-8 -21 -17 -14 
-51 4 9 -3 


-59 38 -22 -52 

25 -44 -30 15 
-20 49 -54 -60 


20 41 17 -4 
-7 19 -22 19 

20 33 -21 -6 
-58 56 -20 7 
-25 -4 -31 55 
22 3 26 54 
47 14 0 26 
-7 4 -6 -33 
-2 -23 37 31 


-15 -33 4 7 
-46 53 2 14 
7 -1 -19 23 
30 -35 28 -14 
25 -5 -57 -40 
-35 -24 28 36 
-14 -54 -7 36 
-27 15 -18 -55 
20 -13 -11 -22 


-56 27 30 -10 

-59 -54 -24 40 
19 -5 35 27 


5 59 9 53 









5 51 -9 48 




-54 17 -49 -11 

-51 -5 -54 -23 
9 54 27 51 
-30 -38 -28 21 





-23 -41 -15 -46 
2 -34 -23 4 



-26 13 -31 34 

-59 0 -58 50 
